   5.0000000000000000      -0.85156250000000000        5.0224609375000000       0.85946044921874998       -6.6406250000000000E-002
   4.9900000000000002       -1.0078125000000000        4.9365234375000000       0.78573895838552099       -9.7656250000000000E-003
   4.9800000000000004      -0.89843750000000000        5.1162109375000000       0.86526526025978912       -8.5937500000000000E-002
   4.9700000000000006      -0.89062500000000000        5.2568359375000000       0.89811328910965782        3.7109375000000000E-002
   4.9600000000000009      -0.95312500000000000        5.2333984375000000       0.87196596207157240       0.12695312500000000     
   4.9500000000000011      -0.88281250000000000        4.8974609375000000       0.83194000552398972       -5.4687500000000000E-002
   4.9400000000000013       -1.0312500000000000        5.0927734375000000       0.81564714068825894        2.1484375000000000E-002
   4.9300000000000015      -0.83593750000000000        4.8115234375000000       0.83422554433950280        3.7109375000000000E-002
   4.9200000000000017      -0.83593750000000000        4.6708984375000000       0.80733880764100585        7.8125000000000000E-002
   4.9100000000000019      -0.88281250000000000        5.2568359375000000       0.91190998520239275        1.5625000000000000E-002
   4.9000000000000021      -0.82812500000000000        4.9755859375000000       0.87546835140306090        7.4218750000000000E-002
   4.8900000000000023      -0.92968750000000000        5.1474609375000000       0.87589817788215707        4.2968750000000000E-002
   4.8800000000000026      -0.96875000000000000        5.2412109375000000       0.88170786372950771        5.2734375000000000E-002
   4.8700000000000028      -0.88281250000000000        4.9365234375000000       0.85362741834573874       -6.0546875000000000E-002
   4.8600000000000030       -1.0625000000000000        5.1396484375000000       0.82525559413580196       -3.5156250000000000E-002
   4.8500000000000032      -0.71875000000000000        4.5537109375000000       0.83239368556700977       0.13476562500000000     
   4.8400000000000034      -0.92968750000000000        4.9208984375000000       0.83813627889333620        1.3671875000000000E-002
   4.8300000000000036      -0.85156250000000000        4.9521484375000000       0.87515315654114845       -3.5156250000000000E-002
   4.8200000000000038      -0.79687500000000000        4.8818359375000000       0.88108426802385820        1.5625000000000000E-002
   4.8100000000000041      -0.83593750000000000        4.8505859375000000       0.86315892590306575      -0.11132812500000000     
   4.8000000000000043      -0.90625000000000000        5.0615234375000000       0.88338216145833259        3.9062500000000000E-003
   4.7900000000000045      -0.86718750000000000        4.9990234375000000       0.88664076771268185       -4.2968750000000000E-002
   4.7800000000000047      -0.89062500000000000        4.9755859375000000       0.87497344076882755       -7.8125000000000000E-003
   4.7700000000000049      -0.81250000000000000        4.7880859375000000       0.86539406446540790       -3.3203125000000000E-002
   4.7600000000000051      -0.90625000000000000        4.8427734375000000       0.84484965861344452        6.6406250000000000E-002
   4.7500000000000053      -0.94531250000000000        5.0302734375000000       0.87087530838815697       -8.5937500000000000E-002
   4.7400000000000055      -0.92187500000000000        4.7099609375000000       0.81436865440400752       -6.0546875000000000E-002
   4.7300000000000058      -0.89843750000000000        4.7177734375000000       0.82676183849762053       -2.5390625000000000E-002
   4.7200000000000060      -0.92187500000000000        4.9599609375000000       0.87078547073622770        1.9531250000000000E-002
   4.7100000000000062      -0.95312500000000000        5.7333984375000000        1.0244057689755826        5.8593750000000000E-003
   4.7000000000000064      -0.90625000000000000        4.7724609375000000       0.84067486702127547        4.4921875000000000E-002
   4.6900000000000066       -1.0390625000000000        5.0068359375000000       0.83735289095815446        4.8828125000000000E-002
   4.6800000000000068      -0.89843750000000000        4.5849609375000000       0.80721602480635568        2.5390625000000000E-002
   4.6700000000000070       -1.0312500000000000        5.2802734375000000       0.90295436295503073        6.2500000000000000E-002
   4.6600000000000072      -0.85937500000000000        4.9365234375000000       0.90085794997317459        9.9609375000000000E-002
   4.6500000000000075      -0.90625000000000000        5.1474609375000000       0.93035954301075119        8.5937500000000000E-002
   4.6400000000000077       -1.0234375000000000        5.1474609375000000       0.88362858213227224       -1.9531250000000000E-003
   4.6300000000000079      -0.81250000000000000        4.8505859375000000       0.90506040766738505        1.7578125000000000E-002
   4.6200000000000081      -0.92968750000000000        5.0458984375000000       0.90510380732548545       -6.4453125000000000E-002
   4.6100000000000083      -0.90625000000000000        5.0615234375000000       0.91979053687635404       -7.8125000000000000E-002
   4.6000000000000085       -1.0625000000000000        4.9521484375000000       0.83113960597825931        1.9531250000000000E-002
   4.5900000000000087       -1.0546875000000000        5.4990234375000000       0.95569884854983478        4.8828125000000000E-002
   4.5800000000000090      -0.98437500000000000        4.7802734375000000       0.83215705171943066        1.5625000000000000E-002
   4.5700000000000092       -1.0625000000000000        5.6396484375000000       0.98703330142231749        6.6406250000000000E-002
   4.5600000000000094       -1.1015625000000000        5.6396484375000000       0.97065975791529402       -6.0546875000000000E-002
   4.5500000000000096      -0.85156250000000000        4.6865234375000000       0.87062961452609711        3.7109375000000000E-002
   4.5400000000000098      -0.96875000000000000        5.1630859375000000       0.93053069933920507      -0.10937500000000000     
   4.5300000000000100      -0.88281250000000000        4.8505859375000000       0.89872583385071547        7.4218750000000000E-002
   4.5200000000000102      -0.89062500000000000        5.2412109375000000       0.98407036435287387       -2.7343750000000000E-002
   4.5100000000000104      -0.87500000000000000        5.0302734375000000       0.94559832317072956       -4.6875000000000000E-002
   4.5000000000000107       -1.0000000000000000        5.0615234375000000       0.90256076388888673       -9.7656250000000000E-003
   4.4900000000000109      -0.78906250000000000        4.7333984375000000       0.91554093732600006        6.8359375000000000E-002
   4.4800000000000111      -0.96875000000000000        5.1318359375000000       0.93601771763392627        4.4921875000000000E-002
   4.4700000000000113      -0.98437500000000000        5.1708984375000000       0.94002333263422577       -9.7656250000000000E-003
   4.4600000000000115      -0.96093750000000000        5.2880859375000000       0.97862893690442576        3.3203125000000000E-002
   4.4500000000000117      -0.96875000000000000        4.9130859375000000       0.89317064606741337        5.0781250000000000E-002
   4.4400000000000119       -1.0000000000000000        5.2568359375000000       0.95874683277026773       -2.9296875000000000E-002
   4.4300000000000122      -0.93750000000000000        4.9990234375000000       0.93004902652369947       0.11328125000000000     
   4.4200000000000124      -0.84375000000000000        4.9599609375000000       0.96109657805429594       -3.9062500000000000E-003
   4.4100000000000126      -0.89843750000000000        5.2021484375000000       0.99658922813916950      -0.12109375000000000     
   4.4000000000000128       -1.0156250000000000        5.1787109375000000       0.94254927201704275        9.7656250000000000E-002
   4.3900000000000130       -1.1015625000000000        5.1240234375000000       0.89079350708285610       0.12695312500000000     
   4.3800000000000132      -0.89843750000000000        4.9833984375000000       0.95347225938213187        6.0546875000000000E-002
   4.3700000000000134       -1.1484375000000000        5.6318359375000000       0.98693987324799470       -8.0078125000000000E-002
   4.3600000000000136      -0.93750000000000000        4.8740234375000000       0.91631128153669439       -3.7109375000000000E-002
   4.3500000000000139       -1.1406250000000000        5.4443359375000000       0.95248518318965214        7.8125000000000000E-003
   4.3400000000000141       -1.1171875000000000        5.2099609375000000       0.91286936113910999       -9.3750000000000000E-002
   4.3300000000000143       -1.0546875000000000        5.0146484375000000       0.90122002652280309        1.7578125000000000E-002
   4.3200000000000145      -0.95312500000000000        5.1162109375000000       0.97401936848958004        5.0781250000000000E-002
   4.3100000000000147       -1.2734375000000000        5.9287109375000000       0.99931969166908008        8.9843750000000000E-002
   4.3000000000000149       -1.0625000000000000        5.1318359375000000       0.93091388081395021       -6.0546875000000000E-002
   4.2900000000000151      -0.91406250000000000        4.9990234375000000       0.97051589361159329       -6.4453125000000000E-002
   4.2800000000000153      -0.96093750000000000        4.8818359375000000       0.92486800434433081       0.11132812500000000     
   4.2700000000000156       -1.0390625000000000        5.1865234375000000       0.96179685212968036      -0.14062500000000000     
   4.2600000000000158       -1.0390625000000000        5.0458984375000000       0.93104402783890505        7.6171875000000000E-002
   4.2500000000000160       -1.1562500000000000        5.7099609375000000        1.0289522058823490       -3.9062500000000000E-002
   4.2400000000000162      -0.94531250000000000        4.8896484375000000       0.94246054595371098        9.1796875000000000E-002
   4.2300000000000164       -1.0625000000000000        5.0146484375000000       0.91861517434987827       -3.5156250000000000E-002
   4.2200000000000166       -1.0000000000000000        5.5537109375000000        1.0790784212085265        1.3671875000000000E-002
   4.2100000000000168       -1.0390625000000000        5.3193359375000000        1.0070510828013617       -7.8125000000000000E-003
   4.2000000000000171       -1.0937500000000000        5.3115234375000000       0.97981770833332937       -1.7578125000000000E-002
   4.1900000000000173       -1.0078125000000000        5.3896484375000000        1.0439051079579313       -3.5156250000000000E-002
   4.1800000000000175       -1.0781250000000000        5.1318359375000000       0.94963694303229262       -5.4687500000000000E-002
   4.1700000000000177      -0.99218750000000000        5.2412109375000000        1.0208093290992164        7.4218750000000000E-002
   4.1600000000000179       -1.0234375000000000        5.1240234375000000       0.97995171180137797       -5.2734375000000000E-002
   4.1500000000000181       -1.2109375000000000        5.8505859375000000        1.0564376647213809       -5.0781250000000000E-002
   4.1400000000000183       -1.0156250000000000        5.2021484375000000        1.0074044195350198        8.9843750000000000E-002
   4.1300000000000185       -1.0703125000000000        5.3505859375000000        1.0181639442720898       -3.5156250000000000E-002
   4.1200000000000188       -1.1093750000000000        5.5068359375000000        1.0378939434162575        4.2968750000000000E-002
   4.1100000000000190      -0.93750000000000000        4.8271484375000000       0.96064286800486176       -3.3203125000000000E-002
   4.1000000000000192       -1.0625000000000000        5.7568359375000000        1.1287633384146289       -1.1718750000000000E-002
   4.0900000000000194       -1.0703125000000000        5.1943359375000000       0.98991860387377284        5.0781250000000000E-002
   4.0800000000000196       -1.1015625000000000        5.5615234375000000        1.0657067392386590        4.4921875000000000E-002
   4.0700000000000198       -1.0312500000000000        5.1318359375000000       0.99959689803439311        8.2031250000000000E-002
   4.0600000000000200       -1.1250000000000000        5.5068359375000000        1.0446332358374333        1.3671875000000000E-002
   4.0500000000000203       -1.0859375000000000        5.3818359375000000        1.0376730082947478        7.6171875000000000E-002
   4.0400000000000205       -1.1796875000000000        5.5693359375000000        1.0340775593672595       -3.3203125000000000E-002
   4.0300000000000207       -1.0156250000000000        5.3505859375000000        1.0717349371898208       -8.7890625000000000E-002
   4.0200000000000209       -1.1718750000000000        6.0927734375000000        1.1740006024564615       -7.8125000000000000E-003
   4.0100000000000211       -1.0078125000000000        4.9677734375000000       0.98555795569669058        0.0000000000000000     
   4.0000000000000213      -0.99218750000000000        5.3740234375000000        1.0973968505859317        6.6406250000000000E-002
   3.9900000000000215       -1.1093750000000000        5.5771484375000000        1.0893322172618989        4.2968750000000000E-002
   3.9800000000000217       -1.0468750000000000        4.9287109375000000       0.96300594770728121       -1.5625000000000000E-002
   3.9700000000000220       -1.1250000000000000        5.3193359375000000        1.0210858784634704       -3.1250000000000000E-002
   3.9600000000000222       -1.1953125000000000        5.8037109375000000        1.1047825668797286       -3.1250000000000000E-002
   3.9500000000000224       -1.2890625000000000        5.8896484375000000        1.0703712173655002      -0.17382812500000000     
   3.9400000000000226       -1.1562500000000000        5.5302734375000000        1.0643044098984711       -3.9062500000000000E-002
   3.9300000000000228       -1.3125000000000000        5.8818359375000000        1.0583154421119532       -9.7656250000000000E-003
   3.9200000000000230       -1.1718750000000000        5.6240234375000000        1.0843705157844323        7.8125000000000000E-003
   3.9100000000000232       -1.2578125000000000        5.6474609375000000        1.0397362282209017      -0.13085937500000000     
   3.9000000000000234       -1.0937500000000000        5.2568359375000000        1.0411658653846092        5.0781250000000000E-002
   3.8900000000000237       -1.3125000000000000        5.6005859375000000       0.99689709190230757       -6.0546875000000000E-002
   3.8800000000000239       -1.1953125000000000        5.7958984375000000        1.1255480579494133        5.0781250000000000E-002
   3.8700000000000241       -1.0703125000000000        5.5849609375000000        1.1471297389777060       -2.9296875000000000E-002
   3.8600000000000243       -1.0859375000000000        5.4208984375000000        1.0988699957496693        1.9531250000000000E-002
   3.8500000000000245       -1.1406250000000000        5.4755859375000000        1.0843014407467464       -3.5156250000000000E-002
   3.8400000000000247       -1.2500000000000000        5.7412109375000000        1.0882059733072846        3.1250000000000000E-002
   3.8300000000000249      -0.96875000000000000        5.1396484375000000        1.0969117167101756        5.8593750000000000E-003
   3.8200000000000252       -1.2656250000000000        5.8037109375000000        1.0999749468259090        3.1250000000000000E-002
   3.8100000000000254       -1.3750000000000000        6.1943359375000000        1.1295829232283390       0.10351562500000000     
   3.8000000000000256       -1.1484375000000000        5.5302734375000000        1.1082538805509794        2.1484375000000000E-002
   3.7900000000000258       -1.1875000000000000        5.9443359375000000        1.1963534795514430       -2.9296875000000000E-002
   3.7800000000000260       -1.1171875000000000        5.1474609375000000        1.0315748749586569       -5.0781250000000000E-002
   3.7700000000000262       -1.1796875000000000        5.4677734375000000        1.0811965092423665      -0.13085937500000000     
   3.7600000000000264       -1.1406250000000000        5.2802734375000000        1.0583106507646203       -7.0312500000000000E-002
   3.7500000000000266       -1.0937500000000000        5.2802734375000000        1.0890624999999923        5.6640625000000000E-002
   3.7400000000000269       -1.2031250000000000        5.7412109375000000        1.1480484416777992        1.3671875000000000E-002
   3.7300000000000271       -1.1953125000000000        5.3896484375000000        1.0618971755613194        7.8125000000000000E-003
   3.7200000000000273       -1.2734375000000000        5.7958984375000000        1.1221116588961610        2.7343750000000000E-002
   3.7100000000000275       -1.2968750000000000        6.1240234375000000        1.1973419600741151       -1.7578125000000000E-002
   3.7000000000000277       -1.1406250000000000        5.5615234375000000        1.1514859586148563        1.9531250000000000E-003
   3.6900000000000279       -1.2421875000000000        5.6005859375000000        1.0996087133722816       0.10351562500000000     
   3.6800000000000281       -1.1171875000000000        5.3662109375000000        1.1190497356912279       -4.4921875000000000E-002
   3.6700000000000284       -1.0781250000000000        5.5693359375000000        1.2008126490122524        7.2265625000000000E-002
   3.6600000000000286       -1.3906250000000000        6.3349609375000000        1.2024926357581873        7.6171875000000000E-002
   3.6500000000000288       -1.3593750000000000        6.2568359375000000        1.2079275470890316      -0.16601562500000000     
   3.6400000000000290       -1.3281250000000000        6.3271484375000000        1.2536352807348801       -1.9531250000000000E-003
   3.6300000000000292       -1.0937500000000000        5.3505859375000000        1.1444344008264371       -1.5625000000000000E-002
   3.6200000000000294       -1.4062500000000000        6.1005859375000000        1.1389632251381123      -0.11914062500000000     
   3.6100000000000296       -1.2031250000000000        5.7333984375000000        1.1872267789127326       0.12304687500000000     
   3.6000000000000298       -1.2421875000000000        5.7724609375000000        1.1748419867621431        8.3984375000000000E-002
   3.5900000000000301       -1.1562500000000000        5.4912109375000000        1.1571857590529151        3.9062500000000000E-002
   3.5800000000000303       -1.3593750000000000        6.0458984375000000        1.1726251527583700       -9.1796875000000000E-002
   3.5700000000000305       -1.2656250000000000        5.6162109375000000        1.1244829963235199       -8.5937500000000000E-002
   3.5600000000000307       -1.2968750000000000        5.7646484375000000        1.1468437280547654       0.12109375000000000     
   3.5500000000000309       -1.0625000000000000        5.2646484375000000        1.1649977992957645        1.7578125000000000E-002
   3.5400000000000311       -1.3437500000000000        5.8193359375000000        1.1338056144067696      -0.12890625000000000     
   3.5300000000000313       -1.3046875000000000        5.8896484375000000        1.1862433328169157       -1.1718750000000000E-002
   3.5200000000000315       -1.3203125000000000        5.7724609375000000        1.1446692726828733        5.6640625000000000E-002
   3.5100000000000318       -1.3046875000000000        5.8115234375000000        1.1707447193286931       -1.9531250000000000E-002
   3.5000000000000320       -1.1718750000000000        5.5458984375000000        1.1921735491071319       -6.2500000000000000E-002
   3.4900000000000322       -1.4375000000000000        6.1630859375000000        1.1738337213466941        9.3750000000000000E-002
   3.4800000000000324       -1.3046875000000000        5.8583984375000000        1.1943071738056641        1.1718750000000000E-002
   3.4700000000000326       -1.3984375000000000        6.0458984375000000        1.1787524484419918      -0.10546875000000000     
   3.4600000000000328       -1.2109375000000000        5.6708984375000000        1.2151817365877775      -0.11914062500000000     
   3.4500000000000330       -1.3906250000000000        6.4912109375000000        1.3209776947463641        3.7109375000000000E-002
   3.4400000000000333       -1.3359375000000000        5.9599609375000000        1.2137302132539853        4.4921875000000000E-002
   3.4300000000000335       -1.3281250000000000        5.9365234375000000        1.2165036215378890       -8.5937500000000000E-002
   3.4200000000000337       -1.3437500000000000        6.0458984375000000        1.2398346125730872      -0.10156250000000000     
   3.4100000000000339       -1.2656250000000000        6.2724609375000000        1.3696933421920685       -3.1250000000000000E-002
   3.4000000000000341       -1.3671875000000000        6.2099609375000000        1.2766939051010902        1.5625000000000000E-002
   3.3900000000000343       -1.4765625000000000        6.2724609375000000        1.2071457584347223        4.2968750000000000E-002
   3.3800000000000345       -1.3046875000000000        5.8818359375000000        1.2365758771726945       -1.9531250000000000E-002
   3.3700000000000347       -1.6015625000000000        6.9052734375000000        1.2879142421643042       -4.1015625000000000E-002
   3.3600000000000350       -1.4765625000000000        6.6865234375000000        1.3411567324683640      -0.16015625000000000     
   3.3500000000000352       -1.4453125000000000        6.1865234375000000        1.2231627506996141       0.19921875000000000     
   3.3400000000000354       -1.4609375000000000        6.0068359375000000        1.1594304067645835       -2.3437500000000000E-002
   3.3300000000000356       -1.1875000000000000        5.6240234375000000        1.2654255818318183        1.9531250000000000E-003
   3.3200000000000358       -1.3984375000000000        6.0927734375000000        1.2461283120764173       -9.1796875000000000E-002
   3.3100000000000360       -1.2265625000000000        5.5849609375000000        1.2327810788802736       -5.8593750000000000E-002
   3.3000000000000362       -1.4921875000000000        6.7490234375000000        1.3704242128314243       -4.1015625000000000E-002
   3.2900000000000365       -1.4453125000000000        6.5302734375000000        1.3499529528400307        1.9531250000000000E-002
   3.2800000000000367       -1.3515625000000000        5.6708984375000000        1.1720052579553986        1.9531250000000000E-003
   3.2700000000000369       -1.2500000000000000        5.8974609375000000        1.3256761276758260        5.0781250000000000E-002
   3.2600000000000371       -1.5000000000000000        6.4130859375000000        1.2770202262269794        8.3984375000000000E-002
   3.2500000000000373       -1.3125000000000000        5.9208984375000000        1.2917668269230620      -0.11328125000000000     
   3.2400000000000375       -1.2812500000000000        5.8193359375000000        1.2894241898147998      -0.11132812500000000     
   3.2300000000000377       -1.5156250000000000        6.6865234375000000        1.3589486987228943       -2.1484375000000000E-002
   3.2200000000000379       -1.3750000000000000        6.0458984375000000        1.2904575892856991        5.8593750000000000E-003
   3.2100000000000382       -1.5312500000000000        6.6005859375000000        1.3258128894080838       -8.7890625000000000E-002
   3.2000000000000384       -1.4531250000000000        6.4052734375000000        1.3417816162109215      -0.17578125000000000     
   3.1900000000000386       -1.3359375000000000        5.9443359375000000        1.3039520168005327       -2.3437500000000000E-002
   3.1800000000000388       -1.5390625000000000        6.5068359375000000        1.3012964020734905       0.13476562500000000     
   3.1700000000000390       -1.3593750000000000        5.6708984375000000        1.2059930747239600       -3.1250000000000000E-002
   3.1600000000000392       -1.4765625000000000        6.4443359375000000        1.3493984560423091       -3.3203125000000000E-002
   3.1500000000000394       -1.5078125000000000        6.3271484375000000        1.2868729848710156       -2.5390625000000000E-002
   3.1400000000000396       -1.5312500000000000        6.4521484375000000        1.3080961385350154       0.10156250000000000     
   3.1300000000000399       -1.4453125000000000        6.7958984375000000        1.5038243497903163       -5.0781250000000000E-002
   3.1200000000000401       -1.6093750000000000        6.4130859375000000        1.2253198868188946       -8.5937500000000000E-002
   3.1100000000000403       -1.5390625000000000        6.6474609375000000        1.3758030735027957        6.4453125000000000E-002
   3.1000000000000405       -1.5625000000000000        6.3193359375000000        1.2509450604838546        7.8125000000000000E-003
   3.0900000000000407       -1.5468750000000000        6.6787109375000000        1.3870189876617940       -9.1796875000000000E-002
   3.0800000000000409       -1.4765625000000000        6.2724609375000000        1.3286441951602908        2.3437500000000000E-002
   3.0700000000000411       -1.7265625000000000        7.2568359375000000        1.3927745508448510        5.2734375000000000E-002
   3.0600000000000414       -1.3593750000000000        6.1005859375000000        1.3897665185865826        5.0781250000000000E-002
   3.0500000000000416       -1.4375000000000000        6.2412109375000000        1.3687884221311288       -5.6640625000000000E-002
   3.0400000000000418       -1.5625000000000000        6.6708984375000000        1.3912803248355072        2.1484375000000000E-002
   3.0300000000000420       -1.5859375000000000        6.8193359375000000        1.4205076513510528       -4.6875000000000000E-002
   3.0200000000000422       -1.5546875000000000        6.5849609375000000        1.3801018923323483        6.8359375000000000E-002
   3.0100000000000424       -1.8046875000000000        7.4287109375000000        1.3859847059281367        4.2968750000000000E-002
   3.0000000000000426       -1.7343750000000000        7.2412109375000000        1.4110514322916465       -2.5390625000000000E-002
   2.9900000000000428       -1.6640625000000000        7.2958984375000000        1.5139780714360151      -0.23242187500000000     
   2.9800000000000431       -1.5156250000000000        6.7099609375000000        1.4808193949244752        2.3437500000000000E-002
   2.9700000000000433       -1.5937500000000000        7.1083984375000000        1.5381681397306173      -0.12695312500000000     
   2.9600000000000435       -1.6484375000000000        6.9052734375000000        1.4148402858424622       0.15820312500000000     
   2.9500000000000437       -1.6718750000000000        6.9599609375000000        1.4117948887711655      -0.20117187500000000     
   2.9400000000000439       -1.8125000000000000        7.2958984375000000        1.3641980229591633       -1.7578125000000000E-002
   2.9300000000000441       -1.7812500000000000        7.3896484375000000        1.4391798208190909       -6.6406250000000000E-002
   2.9200000000000443       -1.9765625000000000        7.9208984375000000        1.3746914798266059       0.15625000000000000     
   2.9100000000000446       -1.5234375000000000        6.4208984375000000        1.4089472924720574        2.5390625000000000E-002
   2.9000000000000448       -1.8046875000000000        7.3037109375000000        1.3954530913254095      -0.10742187500000000     
   2.8900000000000450       -1.8125000000000000        7.7490234375000000        1.5445907223183151       -6.8359375000000000E-002
   2.8800000000000452       -1.6953125000000000        7.2099609375000000        1.5055126614040562       0.10546875000000000     
   2.8700000000000454       -1.7890625000000000        7.5146484375000000        1.5031023723322934       -3.1250000000000000E-002
   2.8600000000000456       -1.6093750000000000        6.9677734375000000        1.5306592821241014      -0.15429687500000000     
   2.8500000000000458       -1.8515625000000000        7.7568359375000000        1.5187902617872562       -3.5156250000000000E-002
   2.8400000000000460       -1.7656250000000000        7.3427734375000000        1.4877964073503280        7.6171875000000000E-002
   2.8300000000000463       -1.6250000000000000        6.9755859375000000        1.5317883171377842        3.3203125000000000E-002
   2.8200000000000465       -1.8828125000000000        7.5537109375000000        1.4215347614693914        6.8359375000000000E-002
   2.8100000000000467       -1.8203125000000000        7.5849609375000000        1.5200794803714159       -3.5156250000000000E-002
   2.8000000000000469       -1.9218750000000000        7.8662109375000000        1.4902169363839035      -0.21093750000000000     
   2.7900000000000471       -1.7343750000000000        7.0146484375000000        1.4360544074820547        7.8125000000000000E-003
   2.7800000000000473       -1.8750000000000000        7.6240234375000000        1.4778411645683203       0.13867187500000000     
   2.7700000000000475       -1.6328125000000000        6.8583984375000000        1.5134735658280427        4.2968750000000000E-002
   2.7600000000000477       -1.8906250000000000        7.6943359375000000        1.4927076256793219       -7.0312500000000000E-002
   2.7500000000000480       -1.8359375000000000        7.7490234375000000        1.5921297940340631       -9.5703125000000000E-002
   2.7400000000000482       -1.6640625000000000        6.8271484375000000        1.4810381144502476        6.0546875000000000E-002
   2.7300000000000484       -1.8906250000000000        8.0146484375000000        1.6264415922618760       0.22265625000000000     
   2.7200000000000486       -2.1250000000000000        8.9130859375000000        1.6167135799632064       -1.3671875000000000E-002
   2.7100000000000488       -1.5937500000000000        6.7412109375000000        1.5502479243542155        2.7343750000000000E-002
   2.7000000000000490       -2.0859375000000000        8.0771484375000000        1.3800048828124749      -0.15820312500000000     
   2.6900000000000492       -2.0156250000000000        8.2490234375000000        1.5562376568308265        5.0781250000000000E-002
   2.6800000000000495       -1.8671875000000000        7.9208984375000000        1.6546676407998762       0.30468750000000000     
   2.6700000000000497       -1.9062500000000000        7.8974609375000000        1.5968808520598954      -0.11132812500000000     
   2.6600000000000499       -2.1796875000000000        8.7099609375000000        1.4883170450540135       0.13085937500000000     
   2.6500000000000501       -1.8750000000000000        8.0380859375000000        1.7065890330188356       -1.5625000000000000E-002
   2.6400000000000503       -2.2031250000000000        8.9755859375000000        1.5612977923768643        0.0000000000000000     
   2.6300000000000505       -2.0468750000000000        8.5458984375000000        1.6563502554657477       0.16601562500000000     
   2.6200000000000507       -2.1562500000000000        8.7255859375000000        1.5557907919847027       0.20507812500000000     
   2.6100000000000509       -2.0703125000000000        8.4052734375000000        1.5781914137332067        4.4921875000000000E-002
   2.6000000000000512       -1.8984375000000000        7.9990234375000000        1.6903686523437167        8.3984375000000000E-002
   2.5900000000000514       -2.1484375000000000        8.8974609375000000        1.6531572378740020       0.51171875000000000     
   2.5800000000000516       -2.2421875000000000        8.9677734375000000        1.5272746714510355       0.14453125000000000     
   2.5700000000000518       -2.0468750000000000        8.5068359375000000        1.6798204948929623       0.13281250000000000     
   2.5600000000000520       -2.1640625000000000        8.7099609375000000        1.5729665756225266      -0.15234375000000000     
   2.5500000000000522       -2.2656250000000000        9.5693359375000000        1.7397173713234937       0.54882812500000000     
   2.5400000000000524       -2.2734375000000000        9.0302734375000000        1.5203761303518386        9.9609375000000000E-002
   2.5300000000000527       -2.4843750000000000        9.8896484375000000        1.4693791687252660       0.52148437500000000     
   2.5200000000000529       -2.2500000000000000        8.9755859375000000        1.5528118799602848       0.15039062500000000     
   2.5100000000000531       -2.0703125000000000        8.3037109375000000        1.6006044182644084       0.23046875000000000     
   2.5000000000000533       -2.1875000000000000        8.9052734375000000        1.6480468749999648       0.32226562500000000     
   2.4900000000000535       -2.1562500000000000        8.8740234375000000        1.6966302710843009        8.9843750000000000E-002
   2.4800000000000537       -2.3828125000000000        9.7568359375000000        1.6447744061869602       0.47265625000000000     
   2.4700000000000539       -2.1953125000000000        9.1552734375000000        1.7554155728111964       0.45312500000000000     
   2.4600000000000541       -2.8203125000000000        11.741210937500000        1.5394505446518969       0.73437500000000000     
   2.4500000000000544       -2.3750000000000000        9.7177734375000000        1.6641422193877182       0.42578125000000000     
   2.4400000000000546       -2.3671875000000000        9.5615234375000000        1.6221093349769105       0.37109375000000000     
   2.4300000000000548       -2.3906250000000000        9.6318359375000000        1.6118304719649843       0.57617187500000000     
   2.4200000000000550       -2.6406250000000000        10.577148437500000        1.4893586970557513       0.40820312500000000     
   2.4100000000000552       -2.6171875000000000        10.772460937500000        1.6277139117608548       0.57617187500000000     
   2.4000000000000554       -2.3281250000000000        9.8271484375000000        1.8362426757812076       0.52539062500000000     
   2.3900000000000556       -2.6328125000000000        10.616210937500000        1.5416356808969307       0.66601562500000000     
   2.3800000000000558       -2.8203125000000000        11.647460937500000        1.5518060251443964       0.68750000000000000     
   2.3700000000000561       -2.3984375000000000        9.5224609375000000        1.5906997873812916       0.35937500000000000     
   2.3600000000000563       -2.6875000000000000        10.881835937500000        1.5504998675847088       0.63281250000000000     
   2.3500000000000565       -2.6250000000000000        10.506835937500000        1.5388131648935801       0.51367187500000000     
   2.3400000000000567       -2.7343750000000000        11.038085937500000        1.5219142294337238       0.67382812500000000     
   2.3300000000000569       -2.6484375000000000        10.475585937500000        1.4855642687097277       0.42968750000000000     
   2.3200000000000571       -2.6484375000000000        10.702148437500000        1.5896238129714049       0.62695312500000000     
   2.3100000000000573       -2.7968750000000000        11.467773437500000        1.5780362215908699       0.76171875000000000     
   2.3000000000000576       -2.7812500000000000        11.334960937500000        1.5650475543477869       0.70312500000000000     
   2.2900000000000578       -3.0937500000000000        12.600585937500000        1.3228370633187438       0.83203125000000000     
   2.2800000000000580       -2.8593750000000000        11.647460937500000        1.5225594503837332       0.70312500000000000     
   2.2700000000000582       -2.6875000000000000        10.905273437500000        1.6222983204845398       0.69140625000000000     
   2.2600000000000584       -2.9843750000000000        12.084960937500000        1.4064012375552735       0.77539062500000000     
   2.2500000000000586       -2.8593750000000000        11.788085937500000        1.6053602430555138       0.75781250000000000     
   2.2400000000000588       -2.9218750000000000        12.217773437500000        1.6430446079798675       0.79101562500000000     
   2.2300000000000590       -3.1015625000000000        12.491210937500000        1.2876775767236206       0.69921875000000000     
   2.2200000000000593       -3.1328125000000000        12.655273437500000        1.2796212961007540       0.81835937500000000     
   2.2100000000000595       -2.9062500000000000        11.803710937500000        1.5191954185519954       0.72265625000000000     
   2.2000000000000597       -2.9062500000000000        11.850585937500000        1.5474076704545034       0.76953125000000000     
   2.1900000000000599       -3.3828125000000000        13.655273437500000        1.0099785512984885       0.88085937500000000     
   2.1800000000000601       -3.2656250000000000        13.249023437500000        1.1856499068233619       0.85546875000000000     
   2.1700000000000603       -3.2578125000000000        13.491210937500000        1.3262067522321059       0.88281250000000000     
   2.1600000000000605       -3.3906250000000000        13.928710937500000        1.1260986328124685       0.90039062500000000     
   2.1500000000000608       -3.3125000000000000        13.499023437500000        1.1750545058139203       0.87500000000000000     
   2.1400000000000610       -3.1171875000000000        12.803710937500000        1.4424546856746085       0.82031250000000000     
   2.1300000000000612       -3.4765625000000000        14.124023437500000       0.95658996295478471       0.91601562500000000     
   2.1200000000000614       -3.3046875000000000        13.327148437500000        1.1349947947375851       0.85351562500000000     
   2.1100000000000616       -3.4218750000000000        14.014648437500000        1.0926160767179776       0.90039062500000000     
   2.1000000000000618       -3.2421875000000000        13.209960937500000        1.2848481677827002       0.83398437500000000     
   2.0900000000000620       -3.4062500000000000        13.842773437500000        1.0718824760765233       0.90429687500000000     
   2.0800000000000622       -3.5468750000000000        14.475585937500000       0.91118445763218425       0.93164062500000000     
   2.0700000000000625       -3.3984375000000000        13.944335937500000        1.1569847807215834       0.89453125000000000     
   2.0600000000000627       -3.3984375000000000        13.920898437500000        1.1512237845114941       0.90234375000000000     
   2.0500000000000629       -3.2812500000000000        13.319335937500000        1.2452362804877666       0.85156250000000000     
   2.0400000000000631       -3.3437500000000000        13.694335937500000        1.2321920955881971       0.89453125000000000     
   2.0300000000000633       -3.5859375000000000        14.569335937500000       0.84255575546487516       0.93164062500000000     
   2.0200000000000635       -3.3593750000000000        13.741210937500000        1.2157477954826350       0.88671875000000000     
   2.0100000000000637       -3.3984375000000000        13.936523437500000        1.1876348239272012       0.90625000000000000     
   2.0000000000000639       -3.3906250000000000        13.639648437500000        1.0716552734374658       0.87890625000000000     
   1.9900000000000639       -3.4609375000000000        14.030273437500000        1.0312487731626554       0.91210937500000000     
   1.9800000000000639       -3.5156250000000000        14.202148437500000       0.93057035195704063       0.91406250000000000     
   1.9700000000000639       -3.5703125000000000        14.506835937500000       0.89325106083436190       0.93164062500000000     
   1.9600000000000639       -3.4843750000000000        14.249023437500000        1.0755889269770058       0.91601562500000000     
   1.9500000000000639       -3.5078125000000000        14.303710937500000        1.0251089242788125       0.91992187500000000     
   1.9400000000000639       -3.7187500000000000        15.045898437500000       0.62721488402059788       0.95898437500000000     
   1.9300000000000639       -3.6015625000000000        14.592773437500000       0.84016631921953178       0.93750000000000000     
   1.9200000000000639       -3.6093750000000000        14.678710937500000       0.85995992024736723       0.94140625000000000     
   1.9100000000000639       -3.6328125000000000        14.749023437500000       0.81240668970874241       0.94531250000000000     
   1.9000000000000639       -3.6406250000000000        14.874023437500000       0.85256476151312921       0.95117187500000000     
   1.8900000000000639       -3.6562500000000000        14.795898437500000       0.75541501322748772       0.94726562500000000     
   1.8800000000000638       -3.4921875000000000        14.170898437500000        1.0508111182679165       0.90429687500000000     
   1.8700000000000638       -3.5781250000000000        14.389648437500000       0.84848658923793896       0.91992187500000000     
   1.8600000000000638       -3.6875000000000000        14.920898437500000       0.71142053091395407       0.95312500000000000     
   1.8500000000000638       -3.6640625000000000        14.897460937500000       0.79573347761821578       0.94921875000000000     
   1.8400000000000638       -3.8593750000000000        15.530273437500000       0.34537937330161844       0.98046875000000000     
   1.8300000000000638       -3.7187500000000000        15.077148437500000       0.68199282786882864       0.95703125000000000     
   1.8200000000000638       -3.7031250000000000        15.030273437500000       0.72370256696426039       0.95507812500000000     
   1.8100000000000638       -3.6796875000000000        14.842773437500000       0.71970902753795807       0.94921875000000000     
   1.8000000000000638       -3.7031250000000000        14.999023437500000       0.71438259548608585       0.95703125000000000     
   1.7900000000000638       -3.6484375000000000        14.764648437500000       0.81204036094620013       0.93945312500000000     
   1.7800000000000638       -3.6093750000000000        14.670898437500000       0.92320817240165232       0.94140625000000000     
   1.7700000000000637       -3.7109375000000000        15.038085937500000       0.71583548508118888       0.95898437500000000     
   1.7600000000000637       -3.6953125000000000        15.014648437500000       0.77233748002482994       0.95703125000000000     
   1.7500000000000637       -3.7968750000000000        15.241210937500000       0.47140066964284000       0.96679687500000000     
   1.7400000000000637       -3.8125000000000000        15.350585937500000       0.46863775143676445       0.97265625000000000     
   1.7300000000000637       -3.7578125000000000        15.202148437500000       0.62485182216399437       0.96484375000000000     
   1.7200000000000637       -3.8203125000000000        15.444335937500000       0.49392345339751076       0.97656250000000000     
   1.7100000000000637       -3.8125000000000000        15.397460937500000       0.50427174707600464       0.97460937500000000     
   1.7000000000000637       -3.7578125000000000        15.249023437500000       0.66345214843747513       0.96875000000000000     
   1.6900000000000637       -3.9218750000000000        15.764648437500000       0.22694965791419264       0.99023437500000000     
   1.6800000000000637       -3.7656250000000000        15.217773437500000       0.61776297433033378       0.96093750000000000     
   1.6700000000000637       -3.7656250000000000        15.202148437500000       0.61210586639219222       0.96484375000000000     
   1.6600000000000636       -3.7812500000000000        15.264648437500000       0.58240775602407402       0.96679687500000000     
   1.6500000000000636       -3.8203125000000000        15.405273437500000       0.49120353929922350       0.97460937500000000     
   1.6400000000000636       -3.8281250000000000        15.452148437500000       0.48634598894815184       0.97656250000000000     
   1.6300000000000636       -3.9140625000000000        15.717773437500000       0.24410318011885551       0.98828125000000000     
   1.6200000000000636       -3.8203125000000000        15.436523437500000       0.51959002459488701       0.97460937500000000     
   1.6100000000000636       -3.8203125000000000        15.436523437500000       0.52281729182839554       0.97656250000000000     
   1.6000000000000636       -3.9218750000000000        15.764648437500000       0.23971557617186548       0.99023437500000000     
   1.5900000000000636       -3.8828125000000000        15.624023437500000       0.34452234424133843       0.98437500000000000     
   1.5800000000000636       -3.8828125000000000        15.577148437500000       0.31703514388843662       0.98242187500000000     
   1.5700000000000636       -3.8750000000000000        15.577148437500000       0.35765824044584538       0.98242187500000000     
   1.5600000000000636       -3.8906250000000000        15.616210937500000       0.30721028645832082       0.98242187500000000     
   1.5500000000000635       -3.8281250000000000        15.452148437500000       0.51458543346772079       0.97656250000000000     
   1.5400000000000635       -3.8593750000000000        15.530273437500000       0.41266106939933361       0.98046875000000000     
   1.5300000000000635       -3.7968750000000000        15.288085937500000       0.56982102736925744       0.96875000000000000     
   1.5200000000000635       -3.9296875000000000        15.764648437500000       0.21197670384456352       0.99023437500000000     
   1.5100000000000635       -3.9218750000000000        15.764648437500000       0.25400325951985686       0.99023437500000000     
   1.5000000000000635       -3.8828125000000000        15.624023437500000       0.36519368489581788       0.98437500000000000     
   1.4900000000000635       -3.9140625000000000        15.717773437500000       0.26703904939176715       0.98828125000000000     
   1.4800000000000635       -3.9531250000000000        15.858398437500000       0.15621700802364194       0.99414062500000000     
   1.4700000000000635       -3.9375000000000000        15.811523437500000       0.20926339285713383       0.99218750000000000     
   1.4600000000000635       -3.9375000000000000        15.811523437500000       0.21069670376711414       0.99218750000000000     
   1.4500000000000635       -3.9218750000000000        15.764648437500000       0.26451373922412635       0.99023437500000000     
   1.4400000000000635       -3.9218750000000000        15.733398437500000       0.24464925130207255       0.98828125000000000     
   1.4300000000000634       -3.8906250000000000        15.670898437500000       0.37338150131117226       0.98632812500000000     
   1.4200000000000634       -3.8828125000000000        15.624023437500000       0.38576797700262361       0.98437500000000000     
   1.4100000000000634       -3.9687500000000000        15.905273437500000       0.10943040780141351       0.99609375000000000     
   1.4000000000000634       -3.9531250000000000        15.858398437500000       0.16514369419642108       0.99414062500000000     
   1.3900000000000634       -3.9453125000000000        15.811523437500000       0.17700195312499192       0.99218750000000000     
   1.3800000000000634       -3.9843750000000000        15.952148437500000        5.5727751358693095E-002  0.99804687500000000     
   1.3700000000000634       -3.9531250000000000        15.858398437500000       0.16875997947079510       0.99414062500000000     
   1.3600000000000634       -3.9375000000000000        15.811523437500000       0.22618910845587181       0.99218750000000000     
   1.3500000000000634       -3.9218750000000000        15.733398437500000       0.26095920138887663       0.98828125000000000     
   1.3400000000000634       -3.9218750000000000        15.764648437500000       0.28622755363804614       0.99023437500000000     
   1.3300000000000634       -3.9843750000000000        15.952148437500000        5.7822779605260402E-002  0.99804687500000000     
   1.3200000000000633       -3.9296875000000000        15.764648437500000       0.24409438624525343       0.99023437500000000     
   1.3100000000000633       -3.9140625000000000        15.725585937500000       0.30969517831582472       0.98828125000000000     
   1.3000000000000633       -3.9531250000000000        15.858398437500000       0.17784705528845288       0.99414062500000000     
   1.2900000000000633       -3.9843750000000000        15.952148437500000        5.9615734011624982E-002  0.99804687500000000     
   1.2800000000000633       -3.9531250000000000        15.858398437500000       0.18062591552733481       0.99414062500000000     
   1.2700000000000633       -3.9687500000000000        15.905273437500000       0.12149360236219867       0.99609375000000000     
   1.2600000000000633       -3.9843750000000000        15.952148437500000        6.1035156249996933E-002  0.99804687500000000     
   1.2500000000000633       -3.9609375000000000        15.858398437500000       0.13549804687499314       0.99414062500000000     
   1.2400000000000633       -3.9687500000000000        15.905273437500000       0.12443296370967107       0.99609375000000000     
   1.2300000000000633       -3.9843750000000000        15.952148437500000        6.2523818597557762E-002  0.99804687500000000     
   1.2200000000000633       -4.0000000000000000        15.999023437500000       -8.0046106557372899E-004   1.0000000000000000     
   1.2100000000000632       -4.0000000000000000        15.999023437500000       -8.0707644628094958E-004   1.0000000000000000     
   1.2000000000000632       -3.9687500000000000        15.905273437500000       0.12858072916665989       0.99609375000000000     
   1.1900000000000632       -3.9687500000000000        15.905273437500000       0.12966123949579142       0.99609375000000000     
   1.1800000000000632       -3.9531250000000000        15.858398437500000       0.19593319650422680       0.99414062500000000     
   1.1700000000000632       -4.0000000000000000        15.999023437500000       -8.3466880341875828E-004   1.0000000000000000     
   1.1600000000000632       -3.9687500000000000        15.905273437500000       0.13301454741378585       0.99609375000000000     
   1.1500000000000632       -4.0000000000000000        15.999023437500000       -8.4918478260864901E-004   1.0000000000000000     
   1.1400000000000632       -4.0000000000000000        15.999023437500000       -8.5663377192977713E-004   1.0000000000000000     
   1.1300000000000632       -3.9687500000000000        15.905273437500000       0.13654590707963837       0.99609375000000000     
   1.1200000000000632       -3.9453125000000000        15.811523437500000       0.21967206682476439       0.99218750000000000     
   1.1100000000000632       -3.9843750000000000        15.952148437500000        6.9283150337833901E-002  0.99804687500000000     
   1.1000000000000631       -3.9843750000000000        15.952148437500000        6.9912997159086901E-002  0.99804687500000000     
   1.0900000000000631       -4.0000000000000000        15.999023437500000       -8.9592889908251692E-004   1.0000000000000000     
   1.0800000000000631       -4.0000000000000000        15.999023437500000       -9.0422453703698413E-004   1.0000000000000000     
   1.0700000000000631       -3.9843750000000000        15.952148437500000        7.1873174649528471E-002  0.99804687500000000     
   1.0600000000000631       -4.0000000000000000        15.999023437500000       -9.2128537735843572E-004   1.0000000000000000     
   1.0500000000000631       -4.0000000000000000        15.999023437500000       -9.3005952380946792E-004   1.0000000000000000     
   1.0400000000000631       -4.0000000000000000        15.999023437500000       -9.3900240384609684E-004   1.0000000000000000     
   1.0300000000000631       -3.9687500000000000        15.905273437500000       0.14980279126212676       0.99609375000000000     
   1.0200000000000631       -4.0000000000000000        15.999023437500000       -9.5741421568621527E-004   1.0000000000000000     
   1.0100000000000631       -4.0000000000000000        15.999023437500000       -9.6689356435637524E-004   1.0000000000000000     
   1.0000000000000631       -4.0000000000000000        15.999023437500000       -9.7656249999993842E-004   1.0000000000000000     
  0.99000000000006305       -3.9843750000000000        15.952148437500000        7.7681107954540501E-002  0.99804687500000000     
  0.98000000000006304       -4.0000000000000000        15.999023437500000       -9.9649234693871135E-004   1.0000000000000000     
  0.97000000000006303       -4.0000000000000000        15.999023437500000       -1.0067654639174604E-003   1.0000000000000000     
  0.96000000000006303       -4.0000000000000000        15.999023437500000       -1.0172526041666000E-003   1.0000000000000000     
  0.95000000000006302       -3.9687500000000000        15.905273437500000       0.16241776315788398       0.99609375000000000     
  0.94000000000006301       -4.0000000000000000        15.999023437500000       -1.0388962765956751E-003   1.0000000000000000     
  0.93000000000006300       -4.0000000000000000        15.999023437500000       -1.0500672043010041E-003   1.0000000000000000     
  0.92000000000006299       -4.0000000000000000        15.999023437500000       -1.0614809782607969E-003   1.0000000000000000     
  0.91000000000006298       -4.0000000000000000        15.999023437500000       -1.0731456043955301E-003   1.0000000000000000     
  0.90000000000006297       -4.0000000000000000        15.999023437500000       -1.0850694444443686E-003   1.0000000000000000     
  0.89000000000006296       -4.0000000000000000        15.999023437500000       -1.0972612359549786E-003   1.0000000000000000     
  0.88000000000006295       -4.0000000000000000        15.999023437500000       -1.1097301136362842E-003   1.0000000000000000     
  0.87000000000006295       -3.9843750000000000        15.952148437500000        8.8395743534476365E-002  0.99804687500000000     
  0.86000000000006294       -4.0000000000000000        15.999023437500000       -1.1355377906975912E-003   1.0000000000000000     
  0.85000000000006293       -4.0000000000000000        15.999023437500000       -1.1488970588234444E-003   1.0000000000000000     
  0.84000000000006292       -4.0000000000000000        15.999023437500000       -1.1625744047618176E-003   1.0000000000000000     
  0.83000000000006291       -4.0000000000000000        15.999023437500000       -1.1765813253011156E-003   1.0000000000000000     
  0.82000000000006290       -4.0000000000000000        15.999023437500000       -1.1909298780486892E-003   1.0000000000000000     
  0.81000000000006289       -4.0000000000000000        15.999023437500000       -1.2056327160492892E-003   1.0000000000000000     
  0.80000000000006288       -4.0000000000000000        15.999023437500000       -1.2207031249999042E-003   1.0000000000000000     
  0.79000000000006287       -4.0000000000000000        15.999023437500000       -1.2361550632910409E-003   1.0000000000000000     
  0.78000000000006287       -4.0000000000000000        15.999023437500000       -1.2520032051281042E-003   1.0000000000000000     
  0.77000000000006286       -4.0000000000000000        15.999023437500000       -1.2682629870128836E-003   1.0000000000000000     
  0.76000000000006285       -4.0000000000000000        15.999023437500000       -1.2849506578946307E-003   1.0000000000000000     
  0.75000000000006284       -4.0000000000000000        15.999023437500000       -1.3020833333332242E-003   1.0000000000000000     
  0.74000000000006283       -4.0000000000000000        15.999023437500000       -1.3196790540539419E-003   1.0000000000000000     
  0.73000000000006282       -4.0000000000000000        15.999023437500000       -1.3377568493149533E-003   1.0000000000000000     
  0.72000000000006281       -4.0000000000000000        15.999023437500000       -1.3563368055554373E-003   1.0000000000000000     
  0.71000000000006280       -4.0000000000000000        15.999023437500000       -1.3754401408449487E-003   1.0000000000000000     
  0.70000000000006279       -4.0000000000000000        15.999023437500000       -1.3950892857141606E-003   1.0000000000000000     
  0.69000000000006279       -4.0000000000000000        15.999023437500000       -1.4153079710143639E-003   1.0000000000000000     
  0.68000000000006278       -4.0000000000000000        15.999023437500000       -1.4361213235292792E-003   1.0000000000000000     
  0.67000000000006277       -4.0000000000000000        15.999023437500000       -1.4575559701491172E-003   1.0000000000000000     
  0.66000000000006276       -4.0000000000000000        15.999023437500000       -1.4796401515150108E-003   1.0000000000000000     
  0.65000000000006275       -4.0000000000000000        15.999023437500000       -1.5024038461537012E-003   1.0000000000000000     
  0.64000000000006274       -4.0000000000000000        15.999023437500000       -1.5258789062498504E-003   1.0000000000000000     
  0.63000000000006273       -4.0000000000000000        15.999023437500000       -1.5500992063490521E-003   1.0000000000000000     
  0.62000000000006272       -4.0000000000000000        15.999023437500000       -1.5751008064514536E-003   1.0000000000000000     
  0.61000000000006271       -4.0000000000000000        15.999023437500000       -1.6009221311473764E-003   1.0000000000000000     
  0.60000000000006271       -4.0000000000000000        15.999023437500000       -1.6276041666664965E-003   1.0000000000000000     
  0.59000000000006270       -4.0000000000000000        15.999023437500000       -1.6551906779659258E-003   1.0000000000000000     
  0.58000000000006269       -4.0000000000000000        15.999023437500000       -1.6837284482756800E-003   1.0000000000000000     
  0.57000000000006268       -4.0000000000000000        15.999023437500000       -1.7132675438594608E-003   1.0000000000000000     
  0.56000000000006267       -4.0000000000000000        15.999023437500000       -1.7438616071426621E-003   1.0000000000000000     
  0.55000000000006266       -4.0000000000000000        15.999023437500000       -1.7755681818179794E-003   1.0000000000000000     
  0.54000000000006265       -4.0000000000000000        15.999023437500000       -1.8084490740738642E-003   1.0000000000000000     
  0.53000000000006264       -4.0000000000000000        15.999023437500000       -1.8425707547167634E-003   1.0000000000000000     
  0.52000000000006263       -4.0000000000000000        15.999023437500000       -1.8780048076920816E-003   1.0000000000000000     
  0.51000000000006263       -4.0000000000000000        15.999023437500000       -1.9148284313723139E-003   1.0000000000000000     
  0.50000000000006262       -4.0000000000000000        15.999023437500000       -1.9531249999997554E-003   1.0000000000000000     
