   5.0000000000000000      -0.78125000000000000        4.9335937500000000       0.86464843749999998       -1.5625000000000000E-002
   4.9900000000000002      -0.93750000000000000        5.1523437500000000       0.85640030060120231        8.5937500000000000E-002
   4.9800000000000004      -0.87500000000000000        4.1210937500000000       0.67378890562248994        7.8125000000000000E-002
   4.9700000000000006      -0.75000000000000000        5.4023437500000000       0.97381161971830976        3.1250000000000000E-002
   4.9600000000000009      -0.71875000000000000        4.7773437500000000       0.85902060231854827        7.0312500000000000E-002
   4.9500000000000011      -0.84375000000000000        4.9960937500000000       0.86549084595959580       -2.3437500000000000E-002
   4.9400000000000013      -0.65625000000000000        5.1523437500000000       0.95580560475708476       -7.8125000000000000E-003
   4.9300000000000015      -0.93750000000000000        4.5273437500000000       0.74004817444219040        7.0312500000000000E-002
   4.9200000000000017       -1.0000000000000000        5.3085937500000000       0.87573043699186959       0.17968750000000000     
   4.9100000000000019      -0.62500000000000000        4.5585937500000000       0.84887347250509126       0.11718750000000000     
   4.9000000000000021       -1.0625000000000000        5.9023437500000000       0.97417091836734648       0.39062500000000000     
   4.8900000000000023      -0.81250000000000000        5.3398437500000000       0.95699130879345562      -0.11718750000000000     
   4.8800000000000026      -0.81250000000000000        4.3398437500000000       0.75403432377049140       -3.9062500000000000E-002
   4.8700000000000028       -1.3125000000000000        6.0585937500000000       0.89033624229979413       0.24218750000000000     
   4.8600000000000030      -0.81250000000000000        3.9960937500000000       0.68640689300411484       -7.8125000000000000E-003
   4.8500000000000032      -0.78125000000000000        4.4960937500000000       0.80118395618556648        7.0312500000000000E-002
   4.8400000000000034      -0.87500000000000000        4.9960937500000000       0.87406379132231349        3.1250000000000000E-002
   4.8300000000000036       -1.0625000000000000        5.6210937500000000       0.93005952380952306       0.17968750000000000     
   4.8200000000000038       -1.1875000000000000        5.2460937500000000       0.79583765560165909        5.4687500000000000E-002
   4.8100000000000041       -1.0625000000000000        5.0273437500000000       0.81048596673596607        4.6875000000000000E-002
   4.8000000000000043       -1.0937500000000000        5.4648437500000000       0.88928222656249922        9.3750000000000000E-002
   4.7900000000000045      -0.90625000000000000        4.9960937500000000       0.87156674060542716       0.17187500000000000     
   4.7800000000000047       -1.1875000000000000        5.1210937500000000       0.77634675732217495       -7.8125000000000000E-003
   4.7700000000000049      -0.68750000000000000        4.0585937500000000       0.75176886792452757       -3.9062500000000000E-002
   4.7600000000000051      -0.84375000000000000        4.8710937500000000       0.87377724527310829      -0.18750000000000000     
   4.7500000000000053      -0.59375000000000000        4.4960937500000000       0.87232730263157798       0.12500000000000000     
   4.7400000000000055       -1.0312500000000000        5.0585937500000000       0.84285172732067415       0.14062500000000000     
   4.7300000000000058       -1.1250000000000000        5.6523437500000000       0.92742468287526314       -3.1250000000000000E-002
   4.7200000000000060       -1.1250000000000000        5.1835937500000000       0.83007812499999900        7.8125000000000000E-002
   4.7100000000000062       -1.0000000000000000        5.4648437500000000       0.94794984076432998      -0.24218750000000000     
   4.7000000000000064      -0.96875000000000000        4.9023437500000000       0.84337599734042434        5.4687500000000000E-002
   4.6900000000000066      -0.90625000000000000        5.4335937500000000       0.98343383528784512        9.3750000000000000E-002
   4.6800000000000068      -0.59375000000000000        4.3085937500000000       0.84531083066239188      -0.16406250000000000     
   4.6700000000000070       -1.2187500000000000        6.0585937500000000       0.97928098233404559        7.8125000000000000E-002
   4.6600000000000072      -0.93750000000000000        5.0898437500000000       0.90363465665235909        3.1250000000000000E-002
   4.6500000000000075      -0.93750000000000000        4.6523437500000000       0.81149193548386966       0.16406250000000000     
   4.6400000000000077       -1.4062500000000000        6.1210937500000000       0.89300747575430883      -0.10937500000000000     
   4.6300000000000079      -0.90625000000000000        5.2460937500000000       0.95568135799135912        7.8125000000000000E-002
   4.6200000000000081       -1.1562500000000000        5.9023437500000000       0.98818824404761729       0.14062500000000000     
   4.6100000000000083      -0.90625000000000000        5.0898437500000000       0.92593377169197233      -0.13281250000000000     
   4.6000000000000085      -0.87500000000000000        4.9023437500000000       0.89928668478260698       -6.2500000000000000E-002
   4.5900000000000087      -0.75000000000000000        4.8085937500000000       0.92507489106753638       -1.5625000000000000E-002
   4.5800000000000090       -1.1250000000000000        5.1210937500000000       0.84180540393012937      -0.17187500000000000     
   4.5700000000000092      -0.75000000000000000        5.1210937500000000       0.99750410284463698        5.4687500000000000E-002
   4.5600000000000094       -1.1562500000000000        5.6523437500000000       0.94636615953947179       0.22656250000000000     
   4.5500000000000096       -1.0937500000000000        4.8085937500000000       0.79391311813186649       0.16406250000000000     
   4.5400000000000098       -1.0937500000000000        5.3085937500000000       0.90579398403083500      -0.32031250000000000     
   4.5300000000000100       -1.2187500000000000        5.3710937500000000       0.85777973233995397       -9.3750000000000000E-002
   4.5200000000000102      -0.71875000000000000        4.4960937500000000       0.88041862555309536       -1.5625000000000000E-002
   4.5100000000000104      -0.93750000000000000        5.0585937500000000       0.92675997782704889        1.5625000000000000E-002
   4.5000000000000107       -1.3125000000000000        6.0273437500000000       0.95659722222221999       -9.3750000000000000E-002
   4.4900000000000109      -0.37500000000000000        4.4023437500000000       0.94915785077950776        7.8125000000000000E-003
   4.4800000000000111      -0.81250000000000000        4.9960937500000000       0.96784319196428337        4.6875000000000000E-002
   4.4700000000000113       -1.0000000000000000        4.9335937500000000       0.87999860178970690        7.8125000000000000E-002
   4.4600000000000115      -0.93750000000000000        5.7148437500000000        1.0842909192825083       0.10156250000000000     
   4.4500000000000117       -1.0625000000000000        5.2773437500000000       0.93223314606741325        0.0000000000000000     
   4.4400000000000119       -1.0625000000000000        5.7460937500000000        1.0399070945945919      -0.12500000000000000     
   4.4300000000000122       -1.0937500000000000        5.3398437500000000       0.93533965857787549        9.3750000000000000E-002
   4.4200000000000124      -0.62500000000000000        5.2773437500000000        1.1055924773755625      -0.10937500000000000     
   4.4100000000000126      -0.78125000000000000        4.7148437500000000       0.93072385204081365        0.0000000000000000     
   4.4000000000000128      -0.59375000000000000        4.6523437500000000       0.97722833806817899       0.10156250000000000     
   4.3900000000000130      -0.93750000000000000        5.5273437500000000        1.0588695899772178       -9.3750000000000000E-002
   4.3800000000000132       -1.0312500000000000        5.9335937500000000        1.1118989012557043        5.4687500000000000E-002
   4.3700000000000134      -0.75000000000000000        4.9960937500000000        1.0145523455377543      -0.14062500000000000     
   4.3600000000000136       -1.0000000000000000        4.9023437500000000       0.89503297018348349       0.15625000000000000     
   4.3500000000000139      -0.81250000000000000        4.7460937500000000       0.93929597701149126      -0.13281250000000000     
   4.3400000000000141       -1.0312500000000000        4.9648437500000000       0.89893253168202469      -0.10156250000000000     
   4.3300000000000143       -1.0625000000000000        4.7148437500000000       0.82816108545034373      -0.10156250000000000     
   4.3200000000000145       -1.0312500000000000        5.5273437500000000        1.0333025896990706       -3.1250000000000000E-002
   4.3100000000000147      -0.87500000000000000        4.3398437500000000       0.82928509280742180       0.10937500000000000     
   4.3000000000000149       -1.2500000000000000        5.7148437500000000       0.96566133720929892        6.2500000000000000E-002
   4.2900000000000151      -0.75000000000000000        4.8085937500000000       0.98976544289043944       0.10156250000000000     
   4.2800000000000153      -0.93750000000000000        4.9335937500000000       0.94735689252336108       -9.3750000000000000E-002
   4.2700000000000156       -1.0625000000000000        5.0898437500000000       0.92762002341920036        6.2500000000000000E-002
   4.2600000000000158       -1.2500000000000000        5.9023437500000000        1.0187426643192450        7.8125000000000000E-003
   4.2500000000000160       -1.4375000000000000        6.5273437500000000        1.0496323529411726       0.10156250000000000     
   4.2400000000000162       -1.0937500000000000        5.3710937500000000       0.98462374705188305       -4.6875000000000000E-002
   4.2300000000000164       -1.0625000000000000        6.2148437500000000        1.2023492907801372       -7.8125000000000000E-003
   4.2200000000000166       -1.4062500000000000        6.4648437500000000        1.0633423430094744       0.31250000000000000     
   4.2100000000000168       -1.0312500000000000        5.0585937500000000       0.94895895190023372       0.17968750000000000     
   4.2000000000000171      -0.87500000000000000        4.4960937500000000       0.88820684523809168        7.8125000000000000E-003
   4.1900000000000173      -0.93750000000000000        4.8398437500000000       0.94533114558472164        4.6875000000000000E-002
   4.1800000000000175      -0.75000000000000000        4.4648437500000000       0.93357505980860855      -0.13281250000000000     
   4.1700000000000177       -1.0937500000000000        5.4335937500000000        1.0161402128297319       0.14843750000000000     
   4.1600000000000179      -0.84375000000000000        4.4648437500000000       0.90214655949518840       -5.4687500000000000E-002
   4.1500000000000181       -1.2500000000000000        5.1523437500000000       0.86502259036144202        4.6875000000000000E-002
   4.1400000000000183      -0.62500000000000000        3.8710937500000000       0.84069293478260498        0.0000000000000000     
   4.1300000000000185      -0.87500000000000000        4.4960937500000000       0.90326119854721143        3.1250000000000000E-002
   4.1200000000000188      -0.96875000000000000        5.1210937500000000        1.0151983464805778       -2.3437500000000000E-002
   4.1100000000000190       -1.0937500000000000        5.2148437500000000       0.97775053223843833       0.15625000000000000     
   4.1000000000000192       -1.1250000000000000        5.4023437500000000        1.0089557926829220        2.3437500000000000E-002
   4.0900000000000194       -1.2500000000000000        5.3710937500000000       0.93119651589241614       0.26562500000000000     
   4.0800000000000196      -0.96875000000000000        4.9023437500000000       0.97153607536764242       -7.0312500000000000E-002
   4.0700000000000198       -1.0312500000000000        5.0273437500000000       0.97392314189188711      -0.13281250000000000     
   4.0600000000000200       -1.2187500000000000        5.5585937500000000        1.0032616225369408        6.2500000000000000E-002
   4.0500000000000203       -1.4375000000000000        6.6210937500000000        1.1246141975308586       -3.1250000000000000E-002
   4.0400000000000205      -0.87500000000000000        4.7148437500000000       0.97752939356435153        4.6875000000000000E-002
   4.0300000000000207       -1.2812500000000000        5.6210937500000000       0.98746704404465990       -2.3437500000000000E-002
   4.0200000000000209       -1.0625000000000000        4.9648437500000000       0.95421330845770647        0.0000000000000000     
   4.0100000000000211      -0.93750000000000000        4.3710937500000000       0.87086970074812509        0.0000000000000000     
   4.0000000000000213       -1.0625000000000000        5.5273437500000000        1.0996093749999942      -0.12500000000000000     
   3.9900000000000215       -1.3437500000000000        5.6835937500000000       0.97191220238094711      -0.18750000000000000     
   3.9800000000000217       -1.1250000000000000        5.4648437500000000        1.0550800879396927        0.0000000000000000     
   3.9700000000000220       -1.4375000000000000        6.6835937500000000        1.1630195214105730      -0.22656250000000000     
   3.9600000000000222       -1.0000000000000000        5.1210937500000000        1.0406802398989841        5.4687500000000000E-002
   3.9500000000000224       -1.4062500000000000        6.1835937500000000        1.0648239715189813       0.15625000000000000     
   3.9400000000000226      -0.68750000000000000        4.5585937500000000        1.0370399746192833       -7.0312500000000000E-002
   3.9300000000000228      -0.93750000000000000        4.8398437500000000        1.0078721374045743      -0.19531250000000000     
   3.9200000000000230       -1.3750000000000000        6.8398437500000000        1.2625558035714211       0.10156250000000000     
   3.9100000000000232       -1.1562500000000000        4.9960937500000000       0.93585158248081290       -7.8125000000000000E-003
   3.9000000000000234      -0.93750000000000000        5.1523437500000000        1.0957532051281986      -0.14062500000000000     
   3.8900000000000237       -1.2500000000000000        5.1835937500000000       0.93087242930590697       0.14843750000000000     
   3.8800000000000239      -0.93750000000000000        4.9648437500000000        1.0530766752577254      -0.26562500000000000     
   3.8700000000000241       -1.1562500000000000        5.6210937500000000        1.1070231750645927       0.14843750000000000     
   3.8600000000000243       -1.5937500000000000        7.0273437500000000        1.1625141677461066      -0.20312500000000000     
   3.8500000000000245      -0.96875000000000000        5.2460937500000000        1.1188616071428501      -0.22656250000000000     
   3.8400000000000247      -0.84375000000000000        5.2148437500000000        1.1726379394531175       -3.1250000000000000E-002
   3.8300000000000249      -0.84375000000000000        4.6523437500000000        1.0288328165796277       -6.2500000000000000E-002
   3.8200000000000252       -1.3437500000000000        6.3710937500000000        1.1951386616492068      -0.21093750000000000     
   3.8100000000000254       -1.1875000000000000        5.9023437500000000        1.1790518372703334       0.19531250000000000     
   3.8000000000000256       -1.4375000000000000        5.9648437500000000        1.0259046052631511       -6.2500000000000000E-002
   3.7900000000000258      -0.90625000000000000        4.8398437500000000        1.0603046668865364        1.5625000000000000E-002
   3.7800000000000260       -1.0312500000000000        5.5898437500000000        1.1974516369047536       0.12500000000000000     
   3.7700000000000262       -1.0937500000000000        5.5898437500000000        1.1653991213527770       0.14843750000000000     
   3.7600000000000264      -0.96875000000000000        5.3085937500000000        1.1622652094414812       0.10937500000000000     
   3.7500000000000266       -1.1250000000000000        5.2148437500000000        1.0531249999999925       0.24218750000000000     
   3.7400000000000269       -1.2500000000000000        5.5585937500000000        1.0684742647058747        5.4687500000000000E-002
   3.7300000000000271       -1.1250000000000000        5.5273437500000000        1.1425519436997236       0.14062500000000000     
   3.7200000000000273       -1.0937500000000000        5.6523437500000000        1.1978641633064429      -0.13281250000000000     
   3.7100000000000275       -1.4687500000000000        7.0898437500000000        1.3295464117250575        3.1250000000000000E-002
   3.7000000000000277       -1.3125000000000000        5.9960937500000000        1.1549831081080995        9.3750000000000000E-002
   3.6900000000000279      -0.71875000000000000        5.2148437500000000        1.2732363651761420      -0.12500000000000000     
   3.6800000000000281       -1.1250000000000000        5.9960937500000000        1.2854534646739033       0.14062500000000000     
   3.6700000000000284       -1.3125000000000000        6.1835937500000000        1.2155143051771022       0.35937500000000000     
   3.6600000000000286       -1.2812500000000000        6.0273437500000000        1.1982902151639250      -0.14062500000000000     
   3.6500000000000288       -1.0937500000000000        5.2148437500000000        1.1009738869862926        4.6875000000000000E-002
   3.6400000000000290       -1.4062500000000000        6.3398437500000000        1.1984353537087817      -0.20312500000000000     
   3.6300000000000292       -1.0937500000000000        5.6523437500000000        1.2275632747933785       0.25000000000000000     
   3.6200000000000294       -1.4687500000000000        6.3085937500000000        1.1467865158839685        2.3437500000000000E-002
   3.6100000000000296       -1.1875000000000000        5.1523437500000000        1.0366170360110718       -1.5625000000000000E-002
   3.6000000000000298       -1.1562500000000000        5.1835937500000000        1.0685221354166579       -7.8125000000000000E-003
   3.5900000000000301       -1.2500000000000000        6.1210937500000000        1.2698032729804907      -0.20312500000000000     
   3.5800000000000303       -1.4687500000000000        6.4023437500000000        1.1857869238826715       -4.6875000000000000E-002
   3.5700000000000305       -1.2500000000000000        5.8398437500000000        1.1981355042016704       0.18750000000000000     
   3.5600000000000307       -1.1562500000000000        5.3398437500000000        1.1244184515449340      -0.16406250000000000     
   3.5500000000000309       -1.0312500000000000        4.9335937500000000        1.0901738556337934        5.4687500000000000E-002
   3.5400000000000311       -1.0937500000000000        4.9023437500000000        1.0469081038135502       0.11718750000000000     
   3.5300000000000313       -1.7500000000000000        6.8710937500000000        1.0789217422096222        9.3750000000000000E-002
   3.5200000000000315       -1.3125000000000000        5.7148437500000000        1.1341441761363535      -0.18750000000000000     
   3.5100000000000318       -1.6875000000000000        6.7148437500000000        1.1017628205128105       -7.8125000000000000E-002
   3.5000000000000320       -1.0625000000000000        5.2773437500000000        1.1852678571428463        3.1250000000000000E-002
   3.4900000000000322       -1.2500000000000000        5.1210937500000000        1.0196543696274978       -2.3437500000000000E-002
   3.4800000000000324       -1.1875000000000000        5.7460937500000000        1.2459590517241264      -0.11718750000000000     
   3.4700000000000326       -1.4687500000000000        5.9648437500000000        1.0972960194524393       0.21093750000000000     
   3.4600000000000328       -1.4062500000000000        6.3710937500000000        1.2698134934970977       -1.5625000000000000E-002
   3.4500000000000330       -1.5000000000000000        6.1210937500000000        1.1220561594202791        0.0000000000000000     
   3.4400000000000333       -1.3750000000000000        6.0585937500000000        1.2116188226744069        3.9062500000000000E-002
   3.4300000000000335       -1.0937500000000000        5.4960937500000000        1.2535873724489675      -0.13281250000000000     
   3.4200000000000337       -1.4062500000000000        6.2148437500000000        1.2389779788011575       -7.0312500000000000E-002
   3.4100000000000339       -1.1250000000000000        5.1835937500000000        1.1489644428152379       -3.9062500000000000E-002
   3.4000000000000341      -0.87500000000000000        5.0585937500000000        1.2626378676470462      -0.15625000000000000     
   3.3900000000000343       -1.1875000000000000        6.3398437500000000        1.4541851032448230        5.4687500000000000E-002
   3.3800000000000345       -1.0625000000000000        5.4960937500000000        1.2920673076922944        2.3437500000000000E-002
   3.3700000000000347       -1.2812500000000000        6.5273437500000000        1.4497751298219435       0.40625000000000000     
   3.3600000000000350       -1.4375000000000000        5.4335937500000000        1.0021391369047514       0.11718750000000000     
   3.3500000000000352       -1.8437500000000000        7.8710937500000000        1.3348297574626726       0.22656250000000000     
   3.3400000000000354       -1.5312500000000000        6.3710937500000000        1.2054991579341190       0.11718750000000000     
   3.3300000000000356       -1.0000000000000000        5.7460937500000000        1.4252533783783632        7.0312500000000000E-002
   3.3200000000000358       -1.3750000000000000        6.4023437500000000        1.3589514307228769      -0.10156250000000000     
   3.3100000000000360       -1.1875000000000000        5.2460937500000000        1.1588935045317095       0.10937500000000000     
   3.3000000000000362       -1.4375000000000000        6.6523437500000000        1.3896780303030150        6.2500000000000000E-002
   3.2900000000000365       -1.2812500000000000        5.7460937500000000        1.2475660144376761       0.14843750000000000     
   3.2800000000000367       -1.3750000000000000        5.7460937500000000        1.1754477896341331        8.5937500000000000E-002
   3.2700000000000369       -1.0312500000000000        5.6835937500000000        1.4128798738531951       -7.8125000000000000E-003
   3.2600000000000371       -1.2812500000000000        5.2460937500000000        1.1056724501533617       -2.3437500000000000E-002
   3.2500000000000373       -1.6875000000000000        7.1210937500000000        1.3149038461538312       0.19531250000000000     
   3.2400000000000375       -1.3750000000000000        6.5585937500000000        1.4407310956789956      -0.26562500000000000     
   3.2300000000000377       -1.3750000000000000        6.0898437500000000        1.3000677244581891      -0.15625000000000000     
   3.2200000000000379       -1.0625000000000000        5.6523437500000000        1.4047942546583685        4.6875000000000000E-002
   3.2100000000000382       -1.3437500000000000        6.3085937500000000        1.4027818341121328      -0.24218750000000000     
   3.2000000000000384       -1.1875000000000000        5.3710937500000000        1.2377929687499851       0.12500000000000000     
   3.1900000000000386       -1.5312500000000000        6.3085937500000000        1.2425915948275712       0.14843750000000000     
   3.1800000000000388       -1.3125000000000000        5.6210937500000000        1.2259237421383498        7.8125000000000000E-003
   3.1700000000000390       -1.7187500000000000        7.6210937500000000        1.4722372831230102      -0.32812500000000000     
   3.1600000000000392       -1.8437500000000000        7.4648437500000000        1.2865283821202371       0.29687500000000000     
   3.1500000000000394       -1.2500000000000000        6.2773437500000000        1.4967757936507748       -5.4687500000000000E-002
   3.1400000000000396       -1.2812500000000000        6.2460937500000000        1.4663987858280070      -0.13281250000000000     
   3.1300000000000399       -1.1562500000000000        5.4648437500000000        1.3188273761980662      -0.14062500000000000     
   3.1200000000000401       -1.8750000000000000        8.0898437500000000        1.4660957532051093      -0.42187500000000000     
   3.1100000000000403       -2.0625000000000000        8.2148437500000000        1.2736133440514303        6.2500000000000000E-002
   3.1000000000000405       -1.8437500000000000        7.6210937500000000        1.3618321572580467      -0.21875000000000000     
   3.0900000000000407       -1.4375000000000000        5.9023437500000000        1.2414037216828315       -5.4687500000000000E-002
   3.0800000000000409       -1.2812500000000000        6.2460937500000000        1.4949649959415385      -0.12500000000000000     
   3.0700000000000411       -1.6562500000000000        6.9023437500000000        1.3547816571661055       0.26562500000000000     
   3.0600000000000414      -0.96875000000000000        5.1210937500000000        1.3668683619280861       0.14843750000000000     
   3.0500000000000416       -2.0312500000000000        8.1210937500000000        1.3098744877049002       0.42187500000000000     
   3.0400000000000418       -1.2812500000000000        5.5585937500000000        1.2884842722039296        7.0312500000000000E-002
   3.0300000000000420       -1.7812500000000000        7.0585937500000000        1.2824231641914015      -0.17968750000000000     
   3.0200000000000422       -1.6562500000000000        6.6835937500000000        1.3047780422185249       0.28125000000000000     
   3.0100000000000424       -1.6562500000000000        6.9960937500000000        1.4129334509966578       -2.3437500000000000E-002
   3.0000000000000426       -1.8750000000000000        8.1210937500000000        1.5351562499999782      -0.10156250000000000     
   2.9900000000000428       -1.6875000000000000        7.0585937500000000        1.4083403010033242      -0.33593750000000000     
   2.9800000000000431       -1.4062500000000000        6.1523437500000000        1.4009411703019932        8.5937500000000000E-002
   2.9700000000000433       -1.3750000000000000        5.7148437500000000        1.2876157407407220        3.9062500000000000E-002
   2.9600000000000435       -1.3437500000000000        6.2460937500000000        1.5001451646959238        7.0312500000000000E-002
   2.9500000000000437       -1.9687500000000000        8.9960937500000000        1.7356329449152286      -0.37500000000000000     
   2.9400000000000439       -1.7187500000000000        7.2773437500000000        1.4704905399659645       -7.0312500000000000E-002
   2.9300000000000441       -1.4687500000000000        6.1835937500000000        1.3741867534129486       -7.8125000000000000E-003
   2.9200000000000443       -1.6250000000000000        7.0273437500000000        1.5023009417807991       0.14062500000000000     
   2.9100000000000446       -1.4375000000000000        6.5585937500000000        1.5437070446735159      -0.35156250000000000     
   2.9000000000000448       -1.4062500000000000        6.3085937500000000        1.4934671336206666      -0.21875000000000000     
   2.8900000000000450       -1.5312500000000000        6.3085937500000000        1.3715803416954804       0.10937500000000000     
   2.8800000000000452       -1.4062500000000000        5.6210937500000000        1.2651231553819247      -0.11718750000000000     
   2.8700000000000454       -1.8750000000000000        8.5273437500000000        1.7462434668989271       0.25000000000000000     
   2.8600000000000456       -2.0625000000000000        8.2460937500000000        1.3958697552447330      -0.19531250000000000     
   2.8500000000000458       -1.9375000000000000        8.2148437500000000        1.5652412280701502      -0.40625000000000000     
   2.8400000000000460       -1.7500000000000000        7.4023437500000000        1.5281139964788484      -0.21875000000000000     
   2.8300000000000463       -1.8125000000000000        8.0898437500000000        1.6977694346289476       0.22656250000000000     
   2.8200000000000465       -1.8750000000000000        7.6523437500000000        1.4669215425531674       0.29687500000000000     
   2.8100000000000467       -1.9687500000000000        7.7460937500000000        1.3772659030248882        7.8125000000000000E-002
   2.8000000000000469       -1.5937500000000000        7.4023437500000000        1.7365373883928281       -7.0312500000000000E-002
   2.7900000000000471       -2.0000000000000000        7.8398437500000000        1.3762880824372528       0.47656250000000000     
   2.7800000000000473       -1.4687500000000000        6.3710937500000000        1.5157795638488951      -0.14062500000000000     
   2.7700000000000475       -2.2187500000000000        8.4960937500000000        1.2899791290613496       0.36718750000000000     
   2.7600000000000477       -1.9375000000000000        7.9335937500000000        1.5143795289854811       0.46093750000000000     
   2.7500000000000480       -2.3125000000000000        9.0585937500000000        1.3494318181817946      -0.52343750000000000     
   2.7400000000000482       -2.1875000000000000        9.2148437500000000        1.6166742700729644       0.54687500000000000     
   2.7300000000000484       -1.5312500000000000        6.3398437500000000        1.4634128891941132       0.23437500000000000     
   2.7200000000000486       -1.9687500000000000        7.8710937500000000        1.4687930836396796      -0.13281250000000000     
   2.7100000000000488       -2.1875000000000000        8.8710937500000000        1.5077260147601204       0.52343750000000000     
   2.7000000000000490       -1.6250000000000000        7.4335937500000000        1.7751736111110790      -0.26562500000000000     
   2.6900000000000492       -1.4687500000000000        6.6210937500000000        1.6594301812267354      -0.12500000000000000     
   2.6800000000000495       -1.9375000000000000        7.8710937500000000        1.5362639925372852       0.10937500000000000     
   2.6700000000000497       -1.5312500000000000        6.8710937500000000        1.6952686095505303       -2.3437500000000000E-002
   2.6600000000000499       -1.8125000000000000        7.3710937500000000        1.5360667293232795        3.9062500000000000E-002
   2.6500000000000501       -1.4375000000000000        6.1523437500000000        1.5418632075471406       0.25781250000000000     
   2.6400000000000503       -2.2812500000000000        8.6835937500000000        1.3179894649620960       0.12500000000000000     
   2.6300000000000505       -2.0625000000000000        8.0585937500000000        1.4466492395436985        3.9062500000000000E-002
   2.6200000000000507       -2.2500000000000000        9.0585937500000000        1.5252266221373751       0.49218750000000000     
   2.6100000000000509       -1.7812500000000000        7.1523437500000000        1.5247096503831119       0.31250000000000000     
   2.6000000000000512       -1.4687500000000000        5.5585937500000000        1.3082181490384357       0.14062500000000000     
   2.5900000000000514       -2.3125000000000000        9.4960937500000000        1.6017133204632887       0.32031250000000000     
   2.5800000000000516       -2.1562500000000000        8.5273437500000000        1.5030735222867917       0.37500000000000000     
   2.5700000000000518       -1.7500000000000000        7.4335937500000000        1.7008146887159190       0.33593750000000000     
   2.5600000000000520       -2.4375000000000000        9.9648437500000000        1.5716552734374680       0.25000000000000000     
   2.5500000000000522       -1.5312500000000000        6.6835937500000000        1.7015165441176121       0.28906250000000000     
   2.5400000000000524       -2.1250000000000000        8.0273437500000000        1.3825664370078454        3.9062500000000000E-002
   2.5300000000000527       -2.0625000000000000        7.7773437500000000        1.3926630434782319      -0.12500000000000000     
   2.5200000000000529       -1.7812500000000000        7.4335937500000000        1.6907707093253614       0.23437500000000000     
   2.5100000000000531       -2.4062500000000000        8.9023437500000000        1.2399620268924041       0.23437500000000000     
   2.5000000000000533       -1.8437500000000000        7.5585937500000000        1.6636718749999646       0.28906250000000000     
   2.4900000000000535       -2.5000000000000000        9.9023437500000000        1.4668047188754705      -0.60156250000000000     
   2.4800000000000537       -1.6875000000000000        6.7773437500000000        1.5845514112902883      -0.20312500000000000     
   2.4700000000000539       -2.0937500000000000        8.8085937500000000        1.7914189018218232       0.50000000000000000     
   2.4600000000000541       -2.3125000000000000        9.7460937500000000        1.7879827235771963      -0.42968750000000000     
   2.4500000000000544       -2.0625000000000000        8.5585937500000000        1.7570153061224101      -0.16406250000000000     
   2.4400000000000546       -2.4062500000000000        9.3710937500000000        1.4676453637294753      -0.13281250000000000     
   2.4300000000000548       -1.8437500000000000        7.5273437500000000        1.6987364969135419      -0.18750000000000000     
   2.4200000000000550       -2.0937500000000000        8.4023437500000000        1.6605597882231027       0.48437500000000000     
   2.4100000000000552       -2.2812500000000000        9.8085937500000000        1.9105776711617819       0.58593750000000000     
   2.4000000000000554       -2.0625000000000000        8.4023437500000000        1.7285156249999600       0.24218750000000000     
   2.3900000000000556       -2.0937500000000000        8.5585937500000000        1.7467802039748548      -0.19531250000000000     
   2.3800000000000558       -2.1875000000000000        9.0273437500000000        1.7824317226890338       0.16406250000000000     
   2.3700000000000561       -2.7812500000000000        11.714843750000000        1.6791106276370911       0.74218750000000000     
   2.3600000000000563       -2.2812500000000000        8.7460937500000000        1.5008441472457270       -6.2500000000000000E-002
   2.3500000000000565       -2.5937500000000000        10.464843750000000        1.5903424202127276       0.69531250000000000     
   2.3400000000000567       -2.7812500000000000        11.339843750000000        1.5403812767093643       0.67968750000000000     
   2.3300000000000569       -2.5312500000000000        10.714843750000000        1.8487627414162640       0.68750000000000000     
   2.3200000000000571       -2.5312500000000000        10.246093750000000        1.6546841325430628      -0.44531250000000000     
   2.3100000000000573       -3.0625000000000000        12.683593750000000        1.4306006493506138       0.83593750000000000     
   2.3000000000000576       -2.2500000000000000        9.2773437500000000        1.8325407608695194       0.41406250000000000     
   2.2900000000000578       -2.3750000000000000        9.6210937500000000        1.7381959606986461       0.62500000000000000     
   2.2800000000000580       -2.7500000000000000        11.089843750000000        1.5470805921052238       0.61718750000000000     
   2.2700000000000582       -2.8125000000000000        11.433593750000000        1.5521751101321188       0.76562500000000000     
   2.2600000000000584       -3.3437500000000000        13.558593750000000        1.0521812776548400       0.85156250000000000     
   2.2500000000000586       -2.4062500000000000        9.4023437500000000        1.6054687499999583       0.49218750000000000     
   2.2400000000000588       -3.0000000000000000        12.058593750000000        1.3654436383928212       0.78125000000000000     
   2.2300000000000590       -3.6875000000000000        14.527343750000000       0.41690022421523559       0.92187500000000000     
   2.2200000000000593       -3.6562500000000000        14.871093750000000       0.67699535472971162       0.95312500000000000     
   2.2100000000000595       -3.1250000000000000        12.777343750000000        1.3627686651583344       0.82812500000000000     
   2.2000000000000597       -2.7812500000000000        11.652343750000000        1.7804509943181335       0.73437500000000000     
   2.1900000000000599       -3.0000000000000000        12.402343750000000        1.5535816210045237       0.75000000000000000     
   2.1800000000000601       -3.0625000000000000        12.839843750000000        1.5875860091742682       0.84375000000000000     
   2.1700000000000603       -3.2812500000000000        13.402343750000000        1.2146277361750815       0.87500000000000000     
   2.1600000000000605       -3.4375000000000000        13.996093750000000        1.0091145833333051       0.90625000000000000     
   2.1500000000000608       -3.7500000000000000        15.246093750000000       0.55050872093021697       0.96875000000000000     
   2.1400000000000610       -2.9062500000000000        11.902343750000000        1.6149788259345335       0.75781250000000000     
   2.1300000000000612       -3.1875000000000000        13.027343750000000        1.3460974178403369       0.84375000000000000     
   2.1200000000000614       -3.8125000000000000        15.433593750000000       0.42379127358489338       0.97656250000000000     
   2.1100000000000616       -3.6250000000000000        14.902343750000000       0.83493779620850639       0.95312500000000000     
   2.1000000000000618       -3.6562500000000000        14.746093750000000       0.65615699404759975       0.94531250000000000     
   2.0900000000000620       -2.9062500000000000        11.871093750000000        1.6386625299042576       0.79687500000000000     
   2.0800000000000622       -3.5312500000000000        14.558593750000000        1.0042630709134315       0.93750000000000000     
   2.0700000000000625       -2.8437500000000000        11.652343750000000        1.7224298007245857       0.71875000000000000     
   2.0600000000000627       -3.1875000000000000        13.339843750000000        1.5435376213591763       0.84375000000000000     
   2.0500000000000629       -3.1875000000000000        13.058593750000000        1.4138719512194688       0.85156250000000000     
   2.0400000000000631       -3.3437500000000000        13.214843750000000       0.99714690563722408       0.84375000000000000     
   2.0300000000000633       -3.4687500000000000        14.214843750000000        1.0751808805418384       0.92187500000000000     
   2.0200000000000635       -3.4062500000000000        13.777343750000000        1.0766359839108572       0.87500000000000000     
   2.0100000000000637       -3.6562500000000000        14.746093750000000       0.68553715796017722       0.94531250000000000     
   2.0000000000000639       -3.5000000000000000        14.152343750000000       0.95117187499996958       0.92187500000000000     
   1.9900000000000639       -3.5625000000000000        14.683593750000000        1.0010992462311237       0.94531250000000000     
   1.9800000000000639       -3.6562500000000000        14.777343750000000       0.71170691287876486       0.94531250000000000     
   1.9700000000000639       -3.8750000000000000        15.621093750000000       0.30734454314719817       0.98437500000000000     
   1.9600000000000639       -3.4375000000000000        13.996093750000000        1.1120854591836371       0.91406250000000000     
   1.9500000000000639       -3.4062500000000000        14.027343750000000        1.2434895833332926       0.90625000000000000     
   1.9400000000000639       -3.8125000000000000        15.246093750000000       0.36646262886596731       0.96875000000000000     
   1.9300000000000639       -3.4687500000000000        13.871093750000000       0.95278092616577159       0.87500000000000000     
   1.9200000000000639       -3.3437500000000000        13.152343750000000        1.0269165039062158       0.85156250000000000     
   1.9100000000000639       -3.6250000000000000        14.777343750000000       0.85692081151829591       0.94531250000000000     
   1.9000000000000639       -3.5312500000000000        14.496093750000000        1.0665090460525957       0.93750000000000000     
   1.8900000000000639       -3.5937500000000000        14.683593750000000       0.93574322089943929       0.94531250000000000     
   1.8800000000000638       -3.6875000000000000        15.058593750000000       0.77709441489359066       0.96093750000000000     
   1.8700000000000638       -3.8750000000000000        15.621093750000000       0.32378008021389271       0.98437500000000000     
   1.8600000000000638       -3.5000000000000000        14.433593750000000        1.1739751344085618       0.92968750000000000     
   1.8500000000000638       -3.7187500000000000        15.058593750000000       0.66459037162159873       0.96093750000000000     
   1.8400000000000638       -3.8125000000000000        15.277343750000000       0.40336277173911644       0.96875000000000000     
   1.8300000000000638       -3.7812500000000000        15.152343750000000       0.46693562158468316       0.96093750000000000     
   1.8200000000000638       -3.6875000000000000        15.058593750000000       0.80271291208788398       0.96093750000000000     
   1.8100000000000638       -3.7187500000000000        15.121093750000000       0.71380783839776485       0.96093750000000000     
   1.8000000000000638       -3.7500000000000000        15.121093750000000       0.58810763888886808       0.96093750000000000     
   1.7900000000000638       -3.7500000000000000        15.246093750000000       0.66122555865919430       0.96875000000000000     
   1.7800000000000638       -3.7187500000000000        15.058593750000000       0.69072594803368315       0.96093750000000000     
   1.7700000000000637       -3.8125000000000000        15.433593750000000       0.50759180790958625       0.97656250000000000     
   1.7600000000000637       -3.8125000000000000        15.433593750000000       0.51047585227270875       0.97656250000000000     
   1.7500000000000637       -3.8437500000000000        15.433593750000000       0.37667410714284344       0.97656250000000000     
   1.7400000000000637       -3.8750000000000000        15.621093750000000       0.34797054597699872       0.98437500000000000     
   1.7300000000000637       -3.5937500000000000        14.683593750000000        1.0222859465317542       0.94531250000000000     
   1.7200000000000637       -3.8125000000000000        15.246093750000000       0.41333575581393817       0.96875000000000000     
   1.7100000000000637       -3.8125000000000000        15.183593750000000       0.37920321637425486       0.96093750000000000     
   1.7000000000000637       -3.5000000000000000        14.246093750000000        1.1741727941176030       0.92187500000000000     
   1.6900000000000637       -3.8750000000000000        15.621093750000000       0.35826553254436522       0.98437500000000000     
   1.6800000000000637       -3.9375000000000000        15.808593750000000       0.18136160714285027       0.99218750000000000     
   1.6700000000000637       -3.7812500000000000        15.246093750000000       0.56780969311375085       0.96875000000000000     
   1.6600000000000636       -3.8125000000000000        15.496093750000000       0.57887801204817058       0.97656250000000000     
   1.6500000000000636       -3.5937500000000000        14.714843750000000        1.0907907196969275       0.94531250000000000     
   1.6400000000000636       -3.9375000000000000        15.808593750000000       0.18578506097560255       0.99218750000000000     
   1.6300000000000636       -3.8750000000000000        15.621093750000000       0.37145322085888122       0.98437500000000000     
   1.6200000000000636       -3.8750000000000000        15.621093750000000       0.37374614197529399       0.98437500000000000     
   1.6100000000000636       -3.8750000000000000        15.621093750000000       0.37606754658383607       0.98437500000000000     
   1.6000000000000636       -3.7500000000000000        15.089843750000000       0.64208984374997446       0.96093750000000000     
   1.5900000000000636       -3.8437500000000000        15.433593750000000       0.41457841981130417       0.97656250000000000     
   1.5800000000000636       -3.9062500000000000        15.621093750000000       0.22930676424049709       0.98437500000000000     
   1.5700000000000636       -3.8750000000000000        15.621093750000000       0.38564888535030284       0.98437500000000000     
   1.5600000000000636       -3.8125000000000000        15.433593750000000       0.57592147435895091       0.97656250000000000     
   1.5500000000000635       -3.9375000000000000        15.808593750000000       0.19657258064515323       0.99218750000000000     
   1.5400000000000635       -3.9375000000000000        15.808593750000000       0.19784902597401782       0.99218750000000000     
   1.5300000000000635       -3.8750000000000000        15.621093750000000       0.39573120915031035       0.98437500000000000     
   1.5200000000000635       -3.9375000000000000        15.808593750000000       0.20045230263157057       0.99218750000000000     
   1.5100000000000635       -4.0000000000000000        15.996093750000000       -2.5869205298012159E-003   1.0000000000000000     
   1.5000000000000635       -3.8437500000000000        15.433593750000000       0.43945312499998140       0.97656250000000000     
   1.4900000000000635       -4.0000000000000000        15.996093750000000       -2.6216442953019017E-003   1.0000000000000000     
   1.4800000000000635       -3.8750000000000000        15.621093750000000       0.40910050675673920       0.98437500000000000     
   1.4700000000000635       -3.7812500000000000        15.246093750000000       0.64506271258500614       0.96875000000000000     
   1.4600000000000635       -3.8437500000000000        15.433593750000000       0.45149293664381601       0.97656250000000000     
   1.4500000000000635       -3.9375000000000000        15.808593750000000       0.21012931034481838       0.99218750000000000     
   1.4400000000000635       -3.9375000000000000        15.808593750000000       0.21158854166665733       0.99218750000000000     
   1.4300000000000634       -3.8125000000000000        15.433593750000000       0.62827797202794411       0.97656250000000000     
   1.4200000000000634       -3.7812500000000000        15.308593750000000       0.71179027288729213       0.96875000000000000     
   1.4100000000000634       -3.9375000000000000        15.808593750000000       0.21609042553190516       0.99218750000000000     
   1.4000000000000634       -3.9375000000000000        15.808593750000000       0.21763392857141872       0.99218750000000000     
   1.3900000000000634       -4.0000000000000000        15.996093750000000       -2.8102517985610230E-003   1.0000000000000000     
   1.3800000000000634       -4.0000000000000000        15.996093750000000       -2.8306159420288554E-003   1.0000000000000000     
   1.3700000000000634       -3.9375000000000000        15.808593750000000       0.22239963503648605       0.99218750000000000     
   1.3600000000000634       -3.8125000000000000        15.433593750000000       0.66061580882349857       0.97656250000000000     
   1.3500000000000634       -3.8437500000000000        15.464843750000000       0.51142939814812416       0.97656250000000000     
   1.3400000000000634       -3.9375000000000000        15.808593750000000       0.22737873134327283       0.99218750000000000     
   1.3300000000000634       -3.9375000000000000        15.808593750000000       0.22908834586465074       0.99218750000000000     
   1.3200000000000633       -3.9375000000000000        15.808593750000000       0.23082386363635257       0.99218750000000000     
   1.3100000000000633       -3.8750000000000000        15.621093750000000       0.46218988549616086       0.98437500000000000     
   1.3000000000000633       -4.0000000000000000        15.996093750000000       -3.0048076923075459E-003   1.0000000000000000     
   1.2900000000000633       -4.0000000000000000        15.996093750000000       -3.0281007751936499E-003   1.0000000000000000     
   1.2800000000000633       -3.9375000000000000        15.808593750000000       0.23803710937498823       0.99218750000000000     
   1.2700000000000633       -3.9375000000000000        15.808593750000000       0.23991141732282270       0.99218750000000000     
   1.2600000000000633       -3.8750000000000000        15.621093750000000       0.48053075396822981       0.98437500000000000     
   1.2500000000000633       -4.0000000000000000        15.996093750000000       -3.1249999999998419E-003   1.0000000000000000     
   1.2400000000000633       -4.0000000000000000        15.996093750000000       -3.1502016129030651E-003   1.0000000000000000     
   1.2300000000000633       -4.0000000000000000        15.996093750000000       -3.1758130081299182E-003   1.0000000000000000     
   1.2200000000000633       -4.0000000000000000        15.996093750000000       -3.2018442622949160E-003   1.0000000000000000     
   1.2100000000000632       -3.9375000000000000        15.808593750000000       0.25180785123965627       0.99218750000000000     
   1.2000000000000632       -4.0000000000000000        15.996093750000000       -3.2552083333331617E-003   1.0000000000000000     
   1.1900000000000632       -3.9375000000000000        15.808593750000000       0.25603991596637293       0.99218750000000000     
   1.1800000000000632       -3.9375000000000000        15.808593750000000       0.25820974576269801       0.99218750000000000     
   1.1700000000000632       -4.0000000000000000        15.996093750000000       -3.3386752136750331E-003   1.0000000000000000     
   1.1600000000000632       -4.0000000000000000        15.996093750000000       -3.3674568965515405E-003   1.0000000000000000     
   1.1500000000000632       -4.0000000000000000        15.996093750000000       -3.3967391304345960E-003   1.0000000000000000     
   1.1400000000000632       -4.0000000000000000        15.996093750000000       -3.4265350877191085E-003   1.0000000000000000     
   1.1300000000000632       -3.9375000000000000        15.808593750000000       0.26963495575219731       0.99218750000000000     
   1.1200000000000632       -3.8750000000000000        15.371093750000000       0.31738281249998213       0.96875000000000000     
   1.1100000000000632       -4.0000000000000000        15.996093750000000       -3.5191441441439438E-003   1.0000000000000000     
   1.1000000000000631       -4.0000000000000000        15.996093750000000       -3.5511363636361597E-003   1.0000000000000000     
   1.0900000000000631       -4.0000000000000000        15.996093750000000       -3.5837155963300677E-003   1.0000000000000000     
   1.0800000000000631       -4.0000000000000000        15.996093750000000       -3.6168981481479365E-003   1.0000000000000000     
   1.0700000000000631       -4.0000000000000000        15.996093750000000       -3.6507009345792237E-003   1.0000000000000000     
   1.0600000000000631       -4.0000000000000000        15.996093750000000       -3.6851415094337429E-003   1.0000000000000000     
   1.0500000000000631       -4.0000000000000000        15.996093750000000       -3.7202380952378717E-003   1.0000000000000000     
   1.0400000000000631       -4.0000000000000000        15.996093750000000       -3.7560096153843874E-003   1.0000000000000000     
   1.0300000000000631       -4.0000000000000000        15.996093750000000       -3.7924757281551074E-003   1.0000000000000000     
   1.0200000000000631       -4.0000000000000000        15.996093750000000       -3.8296568627448611E-003   1.0000000000000000     
   1.0100000000000631       -4.0000000000000000        15.996093750000000       -3.8675742574255010E-003   1.0000000000000000     
   1.0000000000000631       -4.0000000000000000        15.996093750000000       -3.9062499999997537E-003   1.0000000000000000     
  0.99000000000006305       -4.0000000000000000        15.996093750000000       -3.9457070707068194E-003   1.0000000000000000     
  0.98000000000006304       -4.0000000000000000        15.996093750000000       -3.9859693877548454E-003   1.0000000000000000     
  0.97000000000006303       -4.0000000000000000        15.996093750000000       -4.0270618556698416E-003   1.0000000000000000     
  0.96000000000006303       -4.0000000000000000        15.996093750000000       -4.0690104166663998E-003   1.0000000000000000     
  0.95000000000006302       -4.0000000000000000        15.996093750000000       -4.1118421052628853E-003   1.0000000000000000     
  0.94000000000006301       -4.0000000000000000        15.996093750000000       -4.1555851063827002E-003   1.0000000000000000     
  0.93000000000006300       -4.0000000000000000        15.996093750000000       -4.2002688172040163E-003   1.0000000000000000     
  0.92000000000006299       -4.0000000000000000        15.996093750000000       -4.2459239130431875E-003   1.0000000000000000     
  0.91000000000006298       -4.0000000000000000        15.996093750000000       -4.2925824175821204E-003   1.0000000000000000     
  0.90000000000006297       -4.0000000000000000        15.996093750000000       -4.3402777777774744E-003   1.0000000000000000     
  0.89000000000006296       -4.0000000000000000        15.996093750000000       -4.3890449438199145E-003   1.0000000000000000     
  0.88000000000006295       -4.0000000000000000        15.996093750000000       -4.4389204545451366E-003   1.0000000000000000     
  0.87000000000006295       -3.9375000000000000        15.808593750000000       0.35021551724135397       0.99218750000000000     
  0.86000000000006294       -4.0000000000000000        15.996093750000000       -4.5421511627903649E-003   1.0000000000000000     
  0.85000000000006293       -4.0000000000000000        15.996093750000000       -4.5955882352937778E-003   1.0000000000000000     
  0.84000000000006292       -4.0000000000000000        15.996093750000000       -4.6502976190472703E-003   1.0000000000000000     
  0.83000000000006291       -4.0000000000000000        15.996093750000000       -4.7063253012044623E-003   1.0000000000000000     
  0.82000000000006290       -4.0000000000000000        15.996093750000000       -4.7637195121947567E-003   1.0000000000000000     
  0.81000000000006289       -4.0000000000000000        15.996093750000000       -4.8225308641971568E-003   1.0000000000000000     
  0.80000000000006288       -4.0000000000000000        15.996093750000000       -4.8828124999996166E-003   1.0000000000000000     
  0.79000000000006287       -4.0000000000000000        15.996093750000000       -4.9446202531641635E-003   1.0000000000000000     
  0.78000000000006287       -4.0000000000000000        15.996093750000000       -5.0080128205124167E-003   1.0000000000000000     
  0.77000000000006286       -4.0000000000000000        15.996093750000000       -5.0730519480515343E-003   1.0000000000000000     
  0.76000000000006285       -4.0000000000000000        15.996093750000000       -5.1398026315785227E-003   1.0000000000000000     
  0.75000000000006284       -4.0000000000000000        15.996093750000000       -5.2083333333328968E-003   1.0000000000000000     
  0.74000000000006283       -4.0000000000000000        15.996093750000000       -5.2787162162157676E-003   1.0000000000000000     
  0.73000000000006282       -4.0000000000000000        15.996093750000000       -5.3510273972598131E-003   1.0000000000000000     
  0.72000000000006281       -4.0000000000000000        15.996093750000000       -5.4253472222217493E-003   1.0000000000000000     
  0.71000000000006280       -4.0000000000000000        15.996093750000000       -5.5017605633797947E-003   1.0000000000000000     
  0.70000000000006279       -4.0000000000000000        15.996093750000000       -5.5803571428566425E-003   1.0000000000000000     
  0.69000000000006279       -4.0000000000000000        15.996093750000000       -5.6612318840574558E-003   1.0000000000000000     
  0.68000000000006278       -4.0000000000000000        15.996093750000000       -5.7444852941171166E-003   1.0000000000000000     
  0.67000000000006277       -4.0000000000000000        15.996093750000000       -5.8302238805964688E-003   1.0000000000000000     
  0.66000000000006276       -4.0000000000000000        15.996093750000000       -5.9185606060600431E-003   1.0000000000000000     
  0.65000000000006275       -4.0000000000000000        15.996093750000000       -6.0096153846148047E-003   1.0000000000000000     
  0.64000000000006274       -4.0000000000000000        15.996093750000000       -6.1035156249994015E-003   1.0000000000000000     
  0.63000000000006273       -4.0000000000000000        15.996093750000000       -6.2003968253962084E-003   1.0000000000000000     
  0.62000000000006272       -4.0000000000000000        15.996093750000000       -6.3004032258058146E-003   1.0000000000000000     
  0.61000000000006271       -4.0000000000000000        15.996093750000000       -6.4036885245895058E-003   1.0000000000000000     
  0.60000000000006271       -4.0000000000000000        15.996093750000000       -6.5104166666659861E-003   1.0000000000000000     
  0.59000000000006270       -4.0000000000000000        15.996093750000000       -6.6207627118637031E-003   1.0000000000000000     
  0.58000000000006269       -4.0000000000000000        15.996093750000000       -6.7349137931027201E-003   1.0000000000000000     
  0.57000000000006268       -4.0000000000000000        15.996093750000000       -6.8530701754378432E-003   1.0000000000000000     
  0.56000000000006267       -4.0000000000000000        15.996093750000000       -6.9754464285706483E-003   1.0000000000000000     
  0.55000000000006266       -4.0000000000000000        15.996093750000000       -7.1022727272719178E-003   1.0000000000000000     
  0.54000000000006265       -4.0000000000000000        15.996093750000000       -7.2337962962954567E-003   1.0000000000000000     
  0.53000000000006264       -4.0000000000000000        15.996093750000000       -7.3702830188670538E-003   1.0000000000000000     
  0.52000000000006263       -4.0000000000000000        15.996093750000000       -7.5120192307683263E-003   1.0000000000000000     
  0.51000000000006263       -4.0000000000000000        15.996093750000000       -7.6593137254892555E-003   1.0000000000000000     
  0.50000000000006262       -4.0000000000000000        15.996093750000000       -7.8124999999990216E-003   1.0000000000000000     
